RNAME	POS	Gen	Aligned
chrIII	662	7530	CGTATCCTACCACTCTAATCCCACTACCACATGCCATCCTCACCTTCACTTGTATACTGAGCGGTCAAACGCTCTCGGATGCGACCGTCGATACCTAGTCAACCTTGCCCTACTGTCAGAGTCCACTCCATCACCCATCTCTCACCAGCAG
chrIII	662	2640	CTTATCCTACCACTCTAATCCCACTACCACATGCCATACTCACCTTCACTTGTATTCTGATCGGTCATACGCACACGGATGCTACAGTATATACCATCTCAAACTTACCCTACTTTCATATTCCACTCCATCACCCATCTCTCACCATCAG
chrIII	664	2640	TATCCTACCACTCTAATCCCACTACCACATGCCATACTCACCTTCACTTGAATTCTGATCGGTCATACGCACACGGATGCTACAGTATATACCATCTCAAACTTACCCTACTTTCATATTCCACTCCATCACCCATCTCTCACCATCAGTA
chrIII	665	2640	ATCCTACCACTCTAATCCCACTACCACATGCCATACTCACCTTCACTTGTATTCTGATCGGTCATACGCACACGGATGCTACAGTATATACCATCTCAAACTTACCCTACTTTCATATTCCACTCCATCACCCATCTCTCACCATCAGTAC
chrIII	665	2640	ATCCTACCACTCTAATCCCACTACCACATGCCATACTCACCTTCACTTGTATTCTGATCGGTCATACGCACACGGATGCTACAGTATATACCATCTCAAACTTACCCTACTTTCATATTCCACTCCATCACCCATCTCTCACCATCAGTAC
chrIII	666	2640	TCCTACCACTCTAATCCCACTACCACATGCCATACTCACCTTCACTTGTATTCTGATCGGTCATACGCACACGGATGCTACAGTATATACCATCTCAAACTTACCCTACTTTCATATTCCACTCCATCACCCATCTCTCACCATCAGTAC
chrIII	666	70	TCCTACCACTCTAATCCCACTACCACATGCCATACTCACCTTCACTTGTATTCTGATCGGTCATACGCACACGGATGCTACAGTATATACCATCTCAAACTTACCCTACTTTCATATTCCACTCCATCACCCATCTCTCACCATCAGTAC
chrIII	666	7530	TCCTACCACTCTAATCCCACTACCACATGCCATACTCACCTTCACTTGTATTCTGATCGGTCATACGCACACGGATGCTACAGTATATACCATCTCAAACTTACCCTACTTTCATATTCCACTCCATCACCCATCTCTCACCATCAGTAC
chrIII	666	5150	TCCTACCACTCTAATCCCACTACCACATGCCATACTCACCTTCACTTGTATTCTGATCGGTCATACGCACACGGATGCTACAGTATATACCATCTCAAACTTACCCTACTTTCATATTCCACTCCATCACCCATCTCTCACCATCAGTACC
chrIII	666	5150	TCCTACCACTCTAATCCCACTACCACATGCCATACTCACCTTCACTTGTATTCTGATCGGTCATACGCACACGGATGCTACAGTATATACCATCTCAAACTTACCCTACTTTCATATTCCACTCCATCACCCATCTCTCACCATCAGTACC
chrIII	667	2640	CCTACCACTCTAATCCCACTACCACATGCCATACTCACCTTCACTTGTATTCTGATCGGTCATACGCACACGGATGCTACAGTATATACCATCTCAAACTTACCCTACTTTCATATTCCACTCCATCACCCATCTCTCACCATCAGTACCA
chrIII	668	70	CTACCACTCTAATCCCACTACCACATGCCATACTCACCTTCACTTGTATTCTGATCGGTCATACGCACACGGATGCTACAGTATATACCATCTCAAACTTACCCTACTTTCATATTCCACTCCATCACCCATCTCTCACCATCAGTACCAA
chrIII	668	70	CTACCACTCTAATCCCACTACCACATGCCATACTCACCTTCACTTGTATTCTGATCGGTCATACGCACACGGATGCTACAGTATATACCATCTCAAACTTACCCTACTTTCATATTCCACTCCATCACCCATCTCTCACCATCAGTACCAA
chrIII	670	7530	ACCACTCTAATCCCACTACCACATGCCATACTCACCTTCACTTGTATTCTGATCGGTCATACGCACACGGATGCTACAGTATATACCATCTCAAACTTACCCTACTTTCATATTCCACTCCATCACCCATCTCTCACCATCAGTACCAAAT
chrIII	670	2640	ACCACTCTAATCCCACTACCACATGCCATACTCACCTTCACTTGTATTCTGATCGGTCATACGCACACGGATGCTACAGTATATACCATCTCAAACTTACCCTACTTTCATATTCCACTCCATCACCCATCTCTCACCATCAGTACCAAAT
chrIII	670	2640	ACCACTCTAATCCCACTACCACATGCCATACTCACCTTCACTTGTATTCTGATCGGTCATACGCACACGGATGCTACAGTATATACCATCTCAAACTTACCCTACTTTCATAGTCCACTCCATCACCCATCTCTCACCATCAGTACCAAAT
chrIII	670	2640	ACCACTCTAATCCCACTACCACATGCCATACTCACCTTCACTTGTATTCTGATCGGTCATACGCACACGGATGCTACAGTATATACCATCTCAAACTTACCCTACTTTCATATTCCACTCCATCACCCATCTCTCACCATCAGTACCAAAT
chrIII	670	70	ACCACTCTAATCCCACTACCACATGCCATACTCACCTTCACTTGTATTCTGATCGGTCATACGCACACGGATGCTACAGTATATACCATCTCAAACTTACCCTACTTTCATATTCCACTCCATCACCCATCTCTCACCATCAGTACCAAAT
chrIII	671	1410	CCACTCTAATCCCACTACCACATGCCATACTCACCTTCACTTGTATTCTGATCGGGCATACGCACACGGATGCTACAGTATATACCATCTCAAACTTACCCTACTTTCATATTCCACTCCATCACCCATCTCTCACCATCAGTACCAAATG
chrIII	671	7530	CCACTCTAATCCCACTACCACATGCCATACTCACCTTCACTTGTATTCTGATCGGTCATACGCACACGGATGCTACAGTATATACCATCTCAAACTTACCCTACTTTCATATTCCACTCCATCACCCATCTCTCACCATCAGTACCAAATG
chrIII	671	1410	CCACTCTAATCCCACTACCACATGCCATACTCACCTTCACTTGTATTCTGATCGGTCATACGCACACGGATGCTACAGTATATACCATCTCAAACTTACCCTACTTTCATATTCCACTCCATCACCCATCTCTCACCATCAGTACCAAATG
chrIII	674	70	CTCTAATCCCACTACCACATGCCATACTCACCTTCACTTGTATTCTGATCGGTCATACGCACACGGATGCTACAGTATATACCATCTCAAACTTACCCTACTTTCATATTCCACTCCATCACCCATCTCTCACCATCAGTACCAAATGCA
chrIII	674	1410	CTCTAATCCCACTACCACATGCCATACTCACCTTCACTTGTATTCTGATCGGTCATACGCACACGGATGCTACAGTATATACCATCTCAAACTTACCCTACTTTCATATTCCACTCCATCACCCATCTCTCACCATCAGTACCAAATGCAC
chrIII	674	2640	CTCTAATCCCACTACCACATGCCATACTCACCTTCACTTGTATTCTGATCGGTCATACGCACACGGATGCTACAGTATATACCATCTCAAACTTACCCTACTTTCATATTCCACTCCATCACCCATCTCTCACCATCAGTACCAAATGCA
chrIII	674	1410	CTCTAATCCCACTACCACATGCCATACTCACCTTCACTTGTATTCTGATCGGTCATACGCACACGGATGCTACAGTATATACCATCTCAAACTTACCCTACTTTCATATTCCACTCCATCACCCATCTCTCACCATCAGTACCAAATGCAC
chrIII	674	5150	CTCTAATCCCACTACCACATGCCATACTCACCTTCACTTGTATTCTGATCGGTCATACGCACACGGATGCTACAGTATATACCATCTCAAACTTACCCTACTTTCATATTCCACTCCATCACCCATCTCTCACCATCAGTACCAAATGCAC
chrIII	674	5150	CTCTAATCCCACTACCACATGCCATACTCACCTTCACTTGTATTCTGATCGGTCATACGCACACGGATGCTACAGTATATACCATCTCAAACTTACCCTACTTTCATATTCCACTCCATCACCCATCTCTCACCATCAGTACCAAATGCAC
chrIII	674	2640	CTCTAATCCCACTACCACATGCCATACTCACCTTCACTTGTATTCTGATCGGTCATACGCACACGGATGCTACAGTATATACCATCTCAAACTTACCCTACTGTCATATTCCACTCCATCACCCATCTCTCACCATCAGTACCAAATGCA
chrIII	674	1410	CTCTAATCCCACTACCACATGCCATACTCACCTTCACTTGTATTCTGATCGGTCATACGCACACGGATGCTACAGTATATACCATCTCAAACTTACCCTACTTTCATATTCCACTCCATCACCCATCTCTCACCATCAGTACCAAATGCAC
chrIII	674	2640	CTCTAATCCCACTACCACATGCCATACTCACCTTCACTTGTATTCTGATCGGTCATACGCACACGGATGCTACAGTATATACCATCTCAAACTTACCCTACTTTCATATTCCACACCATCACCCATCTCTCACCATCAGTACCAAATGCA
chrIII	674	7530	CTCTAATCCCACTACCACATGCCATACTCACCTTCACTTGTATTCTGATCGGTCATACGCACACGGATGCTACAGTATATACCATCTCAAACTTACCCTACTTTCATATTCCACTCCATCACCCATCTCTCACCATCAGTACCAAATGCA
chrIII	674	1410	CTCTAATCCCACTACCACATGCCATACTCACCTTCACTTGTATTCTGATCGGTAATACGCACACGGATGCTACAGTATATACCATCTCAAACTTACCCTACTTTCATATTCCACTCCATCACCCATCTCTCACCATCAGTACCAAATGCAC
chrIII	674	1410	CTCTAATCCCACTACCACATGCCATACACACCTTCACTTGTATTCTGATCGGTCAAACGCACACGGATGCTACAGTATATACCATCTCAAACTAACCCAACTTTCAAATTCCACTCCATCACCCATCTCTCACCATCAGACCCAAATGCCC
chrIII	674	70	CTCTAATCCCACTACCACATGCCATACTCACCTTCACTTGTATTCTGATCGGTCATACGCACACGGATGCTACAGTATATACCATCTCAAACTTACCCTACTTTCATATTCCACTCCATCACCCATCTCTCACCATCAGTACCAAATGCA
chrIII	674	2640	CTCTAATCCCACTACCACATGCCATACTCACCTTCACTTGTATTCTGATCGGTCATACGCACACGGATGCTACAGTATATACCATCTCAAACTTCCCCTACTTTCATATTCCACTCCCTCACCCATCTCTCACCATCAGTACCAAATGCA
chrIII	674	7530	CTCTAATCCCACTACCACATGCCATACTCACCTTCACTTGTATTCTGATCGGTCATACGCACACGGATGCTACAGTATATACCATCTCAAACTTACCCTACTTTCATATTCCACTCCATCACCCATCTCTCACCATCAGTACCAAATGCA
chrIII	674	2640	CTCTAATCCCACTACCACATGCCATACTCACCTTCACTTGTATTCTGATCGGTCATACGCACACGGATGCTACAGTATATACCATCTCAAACTTACCCTACTTTCATATTCCACTCCATCACCCATCTCTCACCATCAGTACCAAATGCA
chrIII	678	1410	AATCCCACTACCACATGCCATACTCACCTTCACTTGTATTCTGATCGGTCATACGCACACGGATGCTACAGTATATACCATCTCAAACTTACCCTACTTTCATATTCCACTCCATCACCCATCTCTCACCATCAGTACCAAATGCACTCGC
chrIII	678	70	AATCCCACTACCACATGCCATACTCACCTTCACTTGTATTCTGATCGGTCATACGCACACGGATGCTACAGTCTATACCATCTCAAACTTACCCGCCTTTCATCTGCCACTCCATCACCCCTCTCTCACCATCAGTACCAAATGCCCTCG
chrIII	680	2640	TCCCACTACCACATGCCATACTCACCTTCACTTGTATTCTGATCGGTCATACGCACACGGATGCTACAGTATATACCATCTCAAACTTACCCTACTTTCATATTCCACTCCATCACCCATCTCTCACCATCAGTACCAAATGCACTCGCAT
chrIII	680	2640	TCCCACTACCACATGCCATACTCACCTTCACTTGTATTCTGATCGGTCATACGCACACGGATGCTACAGTATATACCATCTCAAACTTACCCTACTTTCATATTCCACTCCATCACCCATCTCTCACCATCAGTACCAAATGCACTCGCAT
chrIII	681	70	CCCACTACCACATGCCATACTCACCTTCACTTGTATTCTGATCGGTCAAACGCACACGGATGCTACAGTCTATACCATCTCAATCTTACCCTACGTTCATATTCCACTCCATCACCCATCACTCACCATCAGTACCAAATGCACTCGCAA
chrIII	682	1410	CCACTACCACATGCCATACTCACCTTCACTTGTATTCTGATCGGTCATACGCACACGGATGCTACAGTATATACCATCTCAAACTTACCCTACTTTCATATTCCACACCATCCCCCATCTCTCACCATCAGTACCAAATGCCCTCGCATC
chrIII	683	5150	CACTACCACATGCCATACTCACCTTCACTTGTATTCTGATCGGTCATACGCACACGGATGCTACAGTATATACCATCTCAAACTTACCCTACTTTCATATTCCACTCCATCACCCATCTCTCACCATCAGTACCAAATGCACTCGCATCAT
chrIII	684	70	ACTACCACATGCCATACTCACCTTCACTTGTATTCTGATCGGTCATACGCACACGGATGCTACAGTATATACCATCTCAAACTTACCCTACTTTCATATTCCACTCCATCACCCATCTCTCACCATCAGTACCAAATGCACTCGCATCATT
chrIII	685	2640	CTACCACATGCCATACTCACCTTCACTTGTATTCTGATCGGTCATACGCACACGGATGCTACAGTATATACCATCTCAAACTTACCCTACTTTCATATTCCACTCCATCACCCATCTCTCACCATCAGTACCAAATGCACTCGCATCATTA
chrIII	685	1410	CTACCACATGCCATACTCACCTTCACTTGTATTCTGATCGGTCATACGCACACGGATGCTACAGTATATACCATCTCAAACTTACCCTACTTTCATATTCCACTCCATCACCCATCTCTCACCATCAGTACCAAATGCACTCGCATCATT
chrIII	685	2640	CTACCACATGCCATACTCACCTTCACTTGTATTCTGATCGGTCATACGCACACGGATGCTACAGTATATACCATCTCAAACTTACCCTACTTTCATATTCCACTCCATCACCCATCTCTCACCATCAGTACCAAATGCACTCGCATCATTA
chrIII	685	2640	CTACCACATGCCATACTCACCTTCACTTGTATTCTGATCGGTCATACGCACACGGATGCTACAGTATATACCATCTCAAACTTACCCTACTTTCATATTCCACTCCATCACCCATCTCTCACCATCAGTACCAAATGCACTCGCATCATTA
chrIII	685	70	CTACCACATGCCATACTCACCTTCACTTGTATTCTGATCGGTCATACGCACACGGATGCTACAGTATATACCATCTCAAACTTACCCTACTTTCATATTCCACTCCATCACCCATCTCTCACCATCAGTACCAAATGCACTCGCATCATTA
chrIII	687	70	ACCACATGCCATACTCACCTTCACTTGTATTCTGATCGTTCATACGCACACGGATGCTACAGTATATACCATCTCAAACTTACCCTACTTTCATATTCAACTCCATCACCCATCTCTCACCATCAGTACCAAATGCACTCGCATCATTATG
chrIII	687	7530	ACCACATGCCATACTCACCTTCACTTGTATTCTGATCGGTCATACGCACACGGATGCTACAGTATATACCATCTCAAACTTACCCTACTTTCATATTCCACTCCATCACCCATCTCTCACCATCAGTACCAAATGCACTCGCATCATTATG
chrIII	687	70	ACCACATGCCATACTCACCTTCACTTGTATTCTGATCGGTCATACGCACACGGATGCTACAGTATATACCATCTCAAACTTACCCTACTTTCATATTCCACTCCATCACCCATCTCTCACCATCAGTACCAAATGCACTCGCATCATTATG
chrIII	687	1410	ACCACATGCCATACTCACCTTCACTTGTATTCTGATCGGTCATACGCACACGGATGCTACAGTATATACCATCTCAAACTTACCCTACTTTCATATTCCACTCCATCACCCATCTCTCACCATCAGTACCAAATGCACTCGCATCATTATG
chrIII	687	2640	ACCACATGCCATACTCACCTTCACTTGTATTCTGATCGGTCATACGCACACGGATGCTACAGTATATACCATCTCAAACTTACCCTACTTTCATATTCCACTCCATCACCCATCTCTCACCATCAGTACCAAATGCACTCGCATCATTATG
chrIII	687	70	ACCACATGCCATACTCACCTTCACTTGTATTCTGATCGGTCATACGCACACGGATGCTACAGTATATACCAGCTCAAACTTACCCTACTTTCATATTCCACTCCATCACCCATCTCTCACCATCAGTACCAAATGCACTCGCATCATTATG
chrIII	687	70	ACCACATGCCATACTCACCTTCACTTGTATTCTGATCGTTCATACGCACACGGATGCTACAGTATATACCATCTCAAACTTACCCTACTTTCATATTCCACTCCATCACCCATCTCTCACCATCAGTACCAAATGCACTCGCATCATTATG
chrIII	687	7530	ACCACATGCCATACTCACCTTCACTTGTATTCTGATCGGTCATACGCACACGGATGCTACAGTATAGCCCATCTCAAACTTCCCCTACTTGCATATTCCACTCCATCACCCAGCTCTCACCATCAGTACCAACTGCACTCGCATCATTATG
chrIII	687	1410	ACCACATGCCATACTCACCTTCACTTGTATTCTGATCGGTCATACGCACACGGATGCTACAGTATATACCATCTCAAACTTACCCTACTTTCATATTCCACTCCATCACCCATCTCTCACCATCAGTACCAAATGCACTCGCATCATTATG
chrIII	687	7530	ACCACATGCCATACTCACCTTCACTTGTATTCTGATCGGTCATACGCACACGGATGCTACAGTATATACCATCTCAAACTTACCCTACTTTCATATTCCACTCCATCACCCATCTCTCACCATCAGTACCAAATGCACTCGCATCATTATG
chrIII	687	1410	ACCACATGCCATACTCACCTTCACTTGTATTCTGATCGGTCATACGCACACGGATGCTACAGTATATACCATCTCAAACTTACCCTACTTTCATATTCCACTCCATCACCCATCTCTCACCATCAGTACCAAATGCACTCGCATCATTATG
chrIII	687	70	ACCACAAGCCATACTCACCTTCACTTGTATTCTGATCGGTCATACGCACACGGATGCTACAGTATAAACCATCTCCAACTTACCCAACATTCATATTCCACTCCATCACCCATCTATCACCATCACTACAAAATGCACTCGCATCAATATG
chrIII	687	1410	ACCACATGCCATACTCACCTTCACTTGTATTCTGATCGGTCATACGCACACGGATGCTACAGTATATACCATCTCAAACTTACCCTACTTTCATATTCCACTCCATCACCCATCTCTCACCATCAGTACCAAATGCACTCGCATCATTATG
chrIII	687	1410	ACCACATGCCATACTCACCTTCACTTGTATTCTGATCGGTCATACGCACACGGATGCTACAGTATATACCATCTCAAACTTACCCTACTTTCATATTCCACTCCATCACCCATCTCTCACCATCAGTACCAAATGCACTCGCATCATTATG
chrIII	688	2640	CCTCATTCCATACTCACCGTCACTTGTATTCTGATCGGTCATACGCACACGGATGCTACAGTATATACCATCTCAAACTTACCCTAATTTCATATTCCACTCCATCACCCATCTCTCACCATCAGTACCAAATGCACTCGCATCATTATGC
chrIII	688	2640	CCACATGCCATACTCACCTTCACTTGTATTCTGATCGGTCATACGCACACGGATGCTACAGTATATACCATCTCAAACTTACCCTACTTTCATATTCCACTCCATCACCCATCTCTCACCATCAGTACCAAATGCACTCGCATCATTATG
chrIII	688	7530	CCACATGCCATACTCACCTTCACTTGTATTCTGATCGGTCATACGCACACGGATGCTACAGTATATACCATCTCAAACTTACCCTACTTTCATATTCCACTCCATCACCCATCTCTCACCATCAGTACCAAATGCACTCGCATCATTATG
chrIII	688	2640	CCACATGCCATACTCACCTTCACTTGTATTCTGATCGGTCATACGCACACGGATGCTACAGTATATACCATCTCAAACTTACCCTACTTTCATATTCCACTCCATCACCCATCTCTCACCATCAGTACCAAATGCACTCGCATCATTATG
chrIII	690	1410	ACATGCCATACTCACCTTCACTTGTATTCTGATCGGTCATACGCACACGGATGCTACAGTATATACCATCTCAAACTTACCCTACTTTCATATTCCACTCCATCACCCATCTCTCACCATCAGTACCAAATGCACTCGCATCATTATGCAC
chrIII	692	1410	ATGCCATACTCACCTTCACTTGTATTCTGATCGGTCATACGCACACGGATGCTACAGTATATACCATCTCAAACTTACCCTACTTTCATATTCCACTCCATCACCCATCTCTCACCATCAGTACCAAATGCACTCGCATCATTATGCACGG
chrIII	692	5150	ATGCCATACTCACCTTCACTTGTATTCTGATCGGTCATACGCAAACGGATGCTACAGTATATACCATCTCAAACTTACCCTACTTTCATATTCCACTCCATAACCAATCTCTCACCATCAGTACCAAATGCACTCGAATCATTATGCACGG
chrIII	692	1410	ATGCCATACTCACCTTCACTTGTATTCTGATCGGTCATACGCACACGGATGCTACAGTATATACCATCTCAAACTTACCCTACTTTCATATTCCACTCCATCACCCATCTCTCACCATCAGTACCAAATGCACTCGCATCATTATGCACGG
chrIII	692	2640	ATGCCATACTCACCTTCACTTGTATTCTGATCGGTCATACGCACACGGATGCTACAGTATATACCATCTCAAACTTACCCTACTATCATATTCCACTCCATCACCCATCACTCACCATCAGTACCAAATGCACTCGCATCATTATGCACGG
chrIII	692	2640	ATGCCATACTCACCTTCACTTGTATTCTGATCGGTCATACGCACACGGATGCTACAGTATATACCATCTCAAACTTACCCTACTTTCATATTCCACTCCATCACCCATCTCTCACCATCAGTACCAAATGCACTCGCATCATTATGCACGG
chrIII	692	1410	ATGCCATACTCACCTTCACTTGTATTCTGATCGGTCATACGCACACGGATGCTACAGTATATACCATCTCAAACTTACCCTACTTTCATATTCCACTCCATCACCCATCTCTCACCATCAGTACCAAATGCACTCGCATCATTATGCACGG
chrIII	694	2640	GCCAAACACACCTTCACTAGTATTCTCAACGGTCATACGCACACGGATGCAACAGAAAATCCCATCTCAACCTTACCCTACTTTCATCTTCCACTCCATCAACCATCACTCACCATCAGTCCCAAAAGCACACGCCTCATTATCCACCGCA
chrIII	694	70	GCCATACTCACCTTCACTTGTATTCTGATCGGTCATACGCACACGGATGCTACAGTATATACCATCTCAAACTTACCCTACTTTCATATTCCACTCCATCACCCATCTCTCACCATCAGTACCAAATGCACTCGCATCATTATGCACGGCA
chrIII	694	2640	GCCATACTCACCTTCACTTGTATTCTGATCGGTCATACGCACACGGATGCTACAGTATATACCATCTCAAACTTACCCTACTTTCATATTCCACTCCATCACCCATCTCTCACCATCAGTACCAAATGCACTCGCATCATTATGCACGGCA
chrIII	694	1410	GCCATACTCACCTTCACTTGTATTCTGATCGGTCATACGCACACGGATGCTACAGTATATACCATCTCAAACTTACCCTACTTTCATATTCCACTCCATCACCCATCTCTCACCATCAGTACCAAATGCACTCGCATCATTATGCACGGC
chrIII	694	70	GCCATACTCACCTTCACTTGTATTCTGATCGGTCATACGCACACGGATGCTACAGTATATACCATCTCAAACTTACCCTACTTTCATATTCCACTCCATCACCCATCTCTCACCATCAGTACCAAATGCACTCGCATCATTATGCACGGCA
chrIII	695	70	CCATACTCACCTTCACTTGTATTCTGATCGGTCATACGCACACGGATGCTACAGTATATACCATCTCAAACTTACCCTACTTTCATATTCCACTCCATCACCCATCTCTCCCCATCAGTACCAAATGCACTCGCATCATTATGCACGGCA
chrIII	695	2640	CCATACTCACCTTCACTTGTATTCTGATCGGTCATACGCACACGGATGCTACAGTATATACCATCTCAAACTTACCCTACTGTCATATTCCACTCCATCACCCATCTCTCACCATCAGTACCAAATGCACTCGCATCATTATGCACGGCA
chrIII	696	70	CATACTCACCTTCACTTGTATTCTGATCGGTCATACGCACACGGATGCTACAGTATATACCATCTCAAACTTACCCTACTTTCATATTCCACTCCATCACCCATCTCTCACCATCAGTACCAAATGCACTCGCATCATTATGCACGGCA
chrIII	697	70	ATACTCACCTTCACTTGTATTCTGATCGGTCATACGCACACGGATGCTACAGTATATACCATCTCAAACTTACCCTACTTTCATATTCCACTCCATCACCCATCTCTCACCATCAGTACCAAATGCACTCGCATCATTATGCACGGCACTT
chrIII	697	2640	ATACGCACCTTCACTTGAATTCAGATCGGACATACGCACACGGATGCTCCAGTATATACCATCCCAAACTAACCCACCTATCATATACCCCTCCATCACCCATCACTCACCATCAGTACCAAATGCACTCGCCTCATTATGCACGCCACTA
chrIII	697	7530	ATACTCACCTTCACTTGTATTCTGATCGGTCATACGCACACGGATGCTACAGTATATACCATCTCAAACTTACCCTACTTTCATATTCCACTCCATCACCCATCTCTCACCATCAGTACCAAATGCACTCGCATCATTATGCACGGCACTT
chrIII	697	70	ATACTCACCTTCACTTGTATTCTGATCGGTCATACGCACACGGATGCTACAGTATATACCATCTCAAACTTACCCTACTTTCATATTCCACTCCATCACCCATCTCTCACCATCAGTACCAAATGCACTCGCATCATTATGCACGGCACTT
chrIII	697	7530	ATACTCACCTTCACTTGTATTCTGATCGGTCATACGCACACGGATGCTACAGTATATACCATCTCAAACTTACCCTACTTTCATATTCCACTCCATCACCCATCTCTCACCATCAGTACCAAATGCACTCGCATCATTATGCACGGCACTT
chrIII	700	7530	CTCACCTTCACTTGTATTCTGATCGGTCATACGCACACGGATGCTACAGTATATACCATCTCAAACTTACCCTACTTTCATATTCCACTCCATCACCCATCTCTCACCATCAGTACCAAATGCACTCGCATCATTATGCACGGCACTTGCC
chrIII	700	70	CTCACCTTCACTTGTATTCTGATCGGTCATACGCACACGGATGCTACAGTATATACCATCTCAAACTTACCCTACTTTCATATTCCACTCCATCACCCATCTCTCACCATCAGTACCAAATGCACTCGCATCATTATGCACGGCACTTGCC
chrIII	702	2640	CACCTTCACTTGTATTCTGATCGGTCATACGCACACGGATGCTACAGTATATACCATCTCAAACTTACCCTACTTTCATATTCCACTCCATCACCCATCTCTCACCATCAGTACCAAATGCACTCGCATCATTATGCACGGCACTTGCCTC
chrIII	702	2640	CACCTTCACTTGTATTCTGATCGGTCATACGCACACGGATGCTACAGTATATACCATCTCAAACTTACCCTACTTTCATATTCCACTCCATCACCCATCTCTCACCATCAGTACCAAATGCACTCGCATCATTATGCACGGCACTTGCCTC
chrIII	702	1410	CACCTTCACTTGTATTCTGATCGGTCATACGCACACGGATGCTACAGTATATACCATCTCAAACTTACCCTACTTTCATATTCCACTCCATCACCCATCTCTCACCATCAGTACCAAATGCACTCGCATCATTATGCACGGCACTTGCC
chrIII	702	70	CACCTTCACTTGTATTCTGATCGGTCATACGCACACGGATGCTACAGTATATACCATCTCAAACTTACCCTACTTTCATATTCCACTCCATCACCCATCTCTCACCATCAGTACCAAATGCACTCGCATCATTATGCACGGCACTTGCCT
chrIII	703	7530	ACCTTCACTTGTATTCTGATCGGTCATACGCACACGGATGCTACAGTATCTACCAACTCAAACTTACCCTACTTTCATATTCCACTCCATCACCCATCTCTCACCATCAGTACCAAATGCACTCGCATCATAATGCACGGCACTTGCCTCA
chrIII	704	2640	CCTACACATGTATTCTGATCGGTCATACGCACACGGATGCTACAGTATATACCATCTCAATCTTACCCTACATTCATAGTCCACTCCATCACCCATCTCGCACCATCAGTACCAAATGCACACGCATCATTATGCACGGCACTTGCCTCAG
chrIII	704	5150	CCTTCACTTGTATTCTGATCGGTCATACGCACACGGATGCTACAGTATATACCATCTCAAACTTACCCTACTTTCATATTCCACTCCATCACCCATCTCTCACCATCAGTACCAAATGCACTCGCATCATTATGCACGGCACTTGCCTC
chrIII	704	5150	CCTTCACTTGTATTCTGATCGGTCATACGCACACGGATGCTACAGTATATACCATCTCAAACTTACCCTACTTTCATATTCCACTCCATCACCCATCTCTCACCATCAGTACCAAATGCACTCGCATCATTATGCACGGCACTTGCCTC
chrIII	707	7530	TCACTTGTATTCTGATCGGTCATACGCACACGGATGCTACAGTATATACCATCTCAAACTTACCCTACTTTCATATTCCACTCCATCACCCATCTCTCACCATCAGTACCAAATGCACTCGCATCATTATGCACGGCACTTGCCTCAGCGG
chrIII	708	2640	CACTTGTATTCTGATCGGTCATACGCACACGGATGCTACAGTATATACCATCTCAAACTTACCCTACTTTCATATTCCACTCCATCACCCATCTCTCACCATCAGTACCAAATGCACTCGCATCATTATGCACGGCACTTGCCTCAGCGGT
chrIII	708	1410	CACTTGTATTCTGATCGGTCATACGCACACGGATGCTACAGTATATACCATCTCAAACTTACCCTACTTTCATATTCCACTCCATCACCCATCTCTCACCATCAGTACCAAATGCACTCGCATCATTATGCACGGCACTTGCCTCAGCGGT
chrIII	708	2640	CACTTGTATTCTGATCGGTCATACGCACACGGATGCTACAGTATATACCATCTCAAACTTACCCTACTTTCATATTCCACTCCATCACCCATCTCTCACCATCAGTACCAAATGCACTCGCATCATTATGCACGGCACTTGCCTCAGCGGT
chrIII	708	70	CACTTGTATTCTGATCGGTCATACGCACACGGATGCTACAGTATATACCATCTCAAACTTACCCTACTTTCATATTCCACTCCATCACCCATCTCTCACCATCAGTACCAAATGCACTCGCATCATTATGCACGGCACTTGCCTCAGCGGT
chrIII	710	2640	CTTGTATTCTGATCGGTCATACGCACACGGATGCTACAGTATATACCATCTCAAACTTACCCTACTTTCATATTCCACTCCATCACCCATCTCTCACCATCAGTACCAAATGCACTCGCATCATTATGCACGGCACTTGCCTCAGCGGT
chrIII	710	2640	CTTGTATTCTGATCGGTCATACGCACACGGATGCTACAGTATATACCATCTCAAACTTACCCTACTTTCATATTCCACTCCATCACCCATCTCTCACCATCAGTACCAAATGCACTCGCATCATTATGCACGGCACTTGCCTCAGCGGT
chrIII	710	2640	CTTGTATTCTGATCGGTCATACGCACACGGATGCTACAGTATATACCATCTCAAACTTACCCTACTTTCATATTCCACTCCATCACCCATCTCTCACCATCAGTACCAAATGCACTCGCATCATTATGCACGGCACTTGCCTCAGCGGT
chrIII	710	5150	CTTGTATTCTGATCGGTCATACGCACACGGATGCTACAGTATATACCATCTCAAACTTACCCTACTTTCATATTCCACTCCATCACCCATCTCTCACCATCAGTACCAAACGCACTCGCATCATTATGCACGGCACTTGCCTCAGCGGTCT
chrIII	710	2640	CTTGTATTCTGATCGGTCATACGCACACGGATGCTACAGTATATACCATCTCAATCTTACCCTACTTTCATATTCCACTCCATCACCCATCTCTCACCATCAGTACCAAATGCACTCGCATCATTATGCACGGCACTTGCCTCAGCGGT
chrIII	710	70	CTTGTATTCTGATCGGTCATACGCACACGGATGCTACAGTATATACCATCTCAAACTTACCCTACTTTCCTATTCCACTCCATCACCCATCTCTCACCATCAGTACCAAATGCACTCGCATCATTATGCACGGCACTTGCCTCAGCGGT
chrIII	710	2640	CTTGTATTCTGATCGGTCATACGCACACGGATGCTACAGTATATACCATCTCAAACTTACCCTACTTTCATATTCCACTCCATCACCCATCTCTCACCATCAGTACCAAATGCACTCGCATCATTATGCACGGCACTTGCCTCAGCGGT
chrIII	715	70	ATTCTGATCGGTCATACGCACACGGATGCTACAGTATATACCATCTCAAACTTACCCTACTTTCATATTCCACTCCATCACCCATCTCTCACCATCAGTACCAAATGCACTCGCATCATTATGCACGGCACTTGCCTCAGCGGTCTATACC
chrIII	715	5150	ATTCTGATCGGTCATACGCACACGGATGCTACAGTATATACCATCTCAAACTTACCCTACTTTCATATTCCACTCCATCACCCATCTCTCACCATCAGTACCAAATGCACTCGCATCATTATGCACGGCACTTGCCTCAGCGGTCTATACC
chrIII	715	5150	ATTCTGATCGGTCATACGCACACGGATGCTACAGTATATACCATCTCAAACTTACCCTACTTTCATATTCCACTCCATCACCCATCTCTCACCATCAGTACCAAATGCACTCGCATCATTATGCACGGCACTTGCCTCAGCGGTCTATACC
chrIII	715	2640	ATTCTGATCGGTCATACGCACACGGATGCTACAGTATATACCATCTCAAACTTACCCTACTTTCATATTCCACTCCATCACCCATCTCTCACCATCAGTACCAAATGCACTCGCATCATTATGCACGGCACTTGCCTCAGCGGTCTATACC
chrIII	715	2640	ATTCTGATCGGTCATACGCACACGGATGCTACAGTATATACCATCTCAAACTTACCCTACTTTCATATTCCACTCCATCACCCATCTCTCACCATCAGTACCAAATGCACTCGCATCATTATGCACGGCACTTGCCTCAGCGGTCTATAC
chrIII	715	70	ATTCTGATCGGTCATACGCACACGGATGCTACAGTATATACCATCTCAAACTTACCCTACTTTCATATTCCACTCCATCACCCATCTCTCACCATCAGTACCAAATGCACTCGCATCATTATGCACGGCACTTGCCTCAGCGGTCTATACC
chrIII	715	2640	ATTCTGATCGGTCATACGCACACGGATGCTACAGTATATACCATCTCAAACTTACCCTACTTTCATATTCCACTCCATCACCCATCTCTCACCATCAGTACCAAATGCACTCGCATCATTATGCACGGCACTTGCCTCAGCGGTCTATACC
chrIII	715	2640	ATTCTGATCGGTCATACGCACACGGATGCTACAGTATATACCATCTCAAACTTACCCTACTTTCATATTCCACTCCATCACCCATCTCTCACCATCAGTACCAAATGCACTCGCATCATTATGCACGGCACTTGCCTCAGCGGTCTATACC
chrIII	715	2640	ATTCTGATCGGTCATACGCACACGGATGCTACAGTATATACCATCTCAAACTTACCCTACTTTCATATTCCACTCCATCACCCATCTCTCACCATCAGTACCAAATGCACTCGCATCATTATGCACGGCACTTGCCTCAGCGGTCTATACC
chrIII	715	1410	ATTCTGATCGGTCATACGCACACGGATGCTACAGTATATACCATCTCAAACTTACCCTACTTTCATATTCCACTCCATCACCCATCTCTCACCATCAGTACCAAATGCACTCGCATCATTATGCACGGCACTTGCCTCAGCGGTCTATACC
chrIII	716	7530	TTCTGATCGGTCATACGCACACGGATGCTACAGTATATACCATCTCAAACTTACCCTACTTTCATATTCCACTCCATCACCCATCTCTCACCATCAGTACCAAATGCACTCGCATCATTATGCACGGCACTTGCCTCAGCGGTCTATACCC
chrIII	716	70	TTCTGATCGGTCTTACGCACACGGATGCTACAGTATATACCTTCTCAAACTTACCCTACTTTCCGTTTCCACTCCCTCTCCCATCTCTCTCCATCAGTACCAAATGCACTCGCATCATTATGCACGGCACTTGCCTCAGCGGTCTATACCC
chrIII	716	2640	TTCTGATCGGTCATACGCACACGGATGCTACAGTATATACCATCTCAAACTTACCCTACTTTCATATTCCACTCCATCACCCATCTCTCACCATCAGTACCAAATGCACTCGCATCATTATGCACGGCACTTGCCTCAGCGGTCTATACCC
chrIII	717	5150	TCTGATCGGTCATACGCACACGGATGCTACAGTATATACCATCTCAAACTTACCCTACTTTCATATTCCACTCCATCACCCATCTCTCACCATCAGTACCAAATGCACTCGCATCATTATGCACGGCACTTGCCTCAGCGGTCTATACCC
chrIII	717	1410	TCTGATCGGTCATACGCACACGGATGCTACAGTATATACCATCTCAAACTTACCCTACTTTCATATTCCACTCCATCACCCATCTCTCACCATCAGTACCAAATGCACTCGCATCATTATGCACGGCACTTGCCTCAGCGGTCTATACCC
chrIII	720	70	GATCGGTCATACGCACACGGATGCTACAGTATATACCATCTCAAACTTACCCTACTTTCATATTCCACTCCATCACCCATCTCTCACCATCAGTACCAAATGCACTCGCATCATTATGCACGGCACTTGCCTCAGCGGTCTATACCCTGTG
chrIII	720	70	GATCGGTCATACGCACACGGATGCTACAGTATATACCATCTCAAGCGTACCCTACTTTCATATTCCACTCCATCACCCATCTCTCACCATCAGTACCAAATGCACTCGCATCATTATGCACGGCACTTGCCTCAGCGGTCTATACCCTGTG
chrIII	721	70	ATCGGTCATACGCACACGGATGCTACAGTATATACCATCTCAAACTTACCCTACTTTCATATTCCACTCCATCACCCATCTCTCACCATCAGTACCAAATGCACTCGCATCATTATGCACGGCACTTGCCTCAGCGGTCTATACCCTGTGC
chrIII	722	2640	TCGGTCATACGCACACGGATGCTACAGTATATACCATCTCAAACTTACCCTACTTTCATATTCCACTCCATCACCCATCTCTCACCATCAGTACCAAATGCACTCGCATCATTATGCACGGCACTTGCCTCAGCGGTCTATACCCTGTGCC
chrIII	722	70	TCGGTCATACGCACACGGATGCTACAGTATATACCATCTCAAACTTACCCTACTTTCATATTCCACTCCATCACCCATCTCTCACCATCAGTACCAAATGCACTCGCATCATTATGCACGGCACTTGCCTCAGCGGTCTATACCCTGTGCC
chrIII	723	1410	CGGTCATACGCACACGGATGCTACAGTATATACCATCTCAAACTTACCCTACTTTCATATTCCACTCCATCACCCATCTCTCACCATCAGTACCAAATGCACTCGCATCATTATGCACGGCACTTGCCTCAGCGGTCTATACCCTGTGCC
chrIII	725	5150	GTCATACGCACACGGATGCTACAGTATATACCATCTCAAACTTACCCTACTTTCATATTCCACTCCATCACCCATCTCTCACCATCAGTACCAAATGCACTCGCATCATTATGCACGGCACTTGCCTCAGCGGTCTATACCCTGTGCCATT
chrIII	725	2640	GTCATACGCACACGGATGCTACAGTATATACCATCTCAAACTTACCCTACTTTCATATTCCACTCCATCACCCATCTCTCACCATCAGTACCAAATGCACTCGCATCATTATGCACGGCACTTGCCTCAGCGGTCTATACCCTGTGCCATT
chrIII	725	2640	GTCATACGCACACGGATGCTACAGTATATACCATCTCAAACTTACCCTACTTTCATATTCCACTCCATCACCCATCTCTCACCATCAGTACCAAATGCACTCGCATCATTATGCACGGCACTTGCCTCAGCGGTCTATACCCTGTGCCATT
chrIII	725	70	GTCATACGCACACGGATGCTACAGTATATACCATCTCAAACTTACCCTACTTTCATATTCCACTCCATCACCCATCTCTCACCATCAGTACCAAATGCACTCGCATCATTATGCACGGCACTTGCCTCAGCGGTCTATACCCTGTGCCATT
chrIII	725	7530	GTCATACGCACACGGATGCTACAGTATATACCATCTCAAACTTACCCTACTTTCAGATTCCACTCCATCACCCATCTCTCACCATCAGTACCAAATGCACTCGCATCATTATGCACGGCACTTGCCTCAGCGGTCTATACCCTGTGCCATT
chrIII	725	7530	GTCATACGCACACGGATGCTACAGTATATACCATCTCAAACTTACCCTACTTTCATATTCCACTCCATCACCCATCTCTCACCATCAGTACCAAATGCACTCGCATCATTATGCACGGCACTTGCCTCAGCGGTCTATACCCTGTGCCATT
chrIII	725	2640	GTCATACGCACACGGATGCTACAGTATATACCATCTCAAACTTACCCTACTTTCATATTCCACTCCATCACCCATCTCTCACCATCAGTACCAAATGCACTCGCATCATTATGCACGGCACTTGCCTCAGCGGTCTATACCCTGTGCCATT
chrIII	725	2640	GTCATACGCACACGGATGCTACAGTATATACCATCTCAAACTTACCCTACTTTCATATTCCACTCCATCACCCATCTCTCACCATCAGTACCAAATGCACTCGCATCATTATGCACGGCACTTGCCTCAGCGGTCTATACCCTGTGCCATT
chrIII	725	70	GTCATACGCACACGGATGCTACAGTATATACCATCTCAAACTTACCCTACTTTCATATTCCACTCCATCACCCATCTCTCACCATCAGTACCAAATGCACTCGCATCATTATGCACGGCACTTGCCTCAGCGGTCTATACCCTGTGCCATT
chrIII	729	70	TACGCACACGGATGCTACAGTATATACCATCTCAAACTTACCCTACTTTCATATTCCACTCCATCACCCATCTCTCACCATCAGTACCAAATGCACTCGCATCATTATGCACGGCACTTGCCTCAGCGGTCTATACCCTGTGCCATTTACG
chrIII	730	70	ACGCACACGGATGCTACAGTATATACCATCTCAAACTTACCCTACTTTCATATTCCACTCCATCACCCATCTCTCACCATCAGTACCAAATGCACTCGCATCATTATGCACGGCACTTGCCTCAGCGGTCTATACCCTGTGCCATTTACG
chrIII	731	5150	CGCACACGGATGCTACAGTATATACCATCTCAAACTTACCCTACTTTCATATTCCACTCCATCACCCATCTCTCACCATCAGTACCAAATGCACTCGCATCATTATGCACGGCACTTGCCTCAGCGGTCTATACCCTGTGCCATTTACGCC
chrIII	732	5150	GCACACGGATGCTACAGTATATACCATCTCAAACTTACCCTACTTTCATATTCCACTCCATCACCCATCTCTCACCATCAGTACCAAATGCACTCGCATCATTATGCACGGCACTTGCCTCAGCGGTCTATACCCTGTGCCATTTACGCAT
chrIII	733	1410	CACACGGATGCTACAGTATATACCATCTCAAACTTACCCTACTTTCATATTCCACTCCATCACCCATCTCTCACCATCAGTACCAAATGCACTCGCATCATTATGCACGGCACTTGCCTCAGCGGTCTATACCCTGTGCCATTTACGCAT
chrIII	733	70	CACACGGATGCTACAGTATATACCATCTCAAACTTACCCGACTTTCATATTCCACTCCATCACCCATCTCTCACCATCAGTACCAAATGCACTCGCATCATTATGCACGGCACTTGCCTCAGCGGTCTATACCCTGTGCCATTTACGCAT
chrIII	733	2640	CACACGGATGCTACAGTATATACCATCTCAAACTTACCCTACTTTCATATTCCACTCCATCACCCATCTCTCACCATCAGTACCAAATGCACTCGCATCATTATGCACGGCACTTGCCTCAGCGGTCTATACCCTGTGCCATTTACGCAT
chrIII	733	70	AACACGGATGCTACAGTATATACCATCTCAAACTTACCCTACTTTCATATTCCACTCCATCACCCATCTCTCACCATCAGTACCAAATGCACTCGCATCATTATGCACGGCACTTGCCTCAGCGGTCTATACCCTGTGCCATTTACGCAT
chrIII	736	70	ACGGATGCTACAGTATATACCA(C)TCTCAAACTTACCCTACTCTCACATTCCACTCCATCACCCATCTCTCACCATCAGTACCAAATGCACTCGCATCATTATGCACGGCACTTGCCTCAGCGGTCTATACCCTGTGCCATTTACGCATAAC
chrIII	737	70	CGGATGCTACAGTATATACCATCTCAAACTTACCCTACTTTCATATTCCACTCCATCACCCATCTCTCACCATCAGTACCAAATGCACTCGCATCATTATGCACGGCACTTGCCTCAGCGGTCTATACCCTGTGCCATTTACGCATAACG
chrIII	738	2640	GGATGCTACAGTATATACCA(C)TCTCAAACTTACCCTACTTTCATATTCCACTCCATCACCCATCTCTCACCATCAGTACCAAATGCACTCGCATCATTATGCACGGCACTTGCCTCAGCGGTCTATACCCTGTGCCATTTACGCATAACG
chrIII	739	2640	GATGCTACAGTATATACCATCTCAAACTTACCCTACTTTCATATTCCACTCCATCACCCATCTCTCACCATCAGTACCAAATGCACTCGCATCATTATGCACGGCACTTGCCTCAGCGGTCTATACCCTGTGCCATTTACGCATAACGCC
chrIII	739	70	GATGCTACAGTATATACCATCTCAAACTTACCCTACTTTCATATTCCACTCCATCACCCATCTCTCACCATCAGTACCAAATGCACTCGCATCATTATGCACGGCACTTGCCTCAGCGGTCTATACCCTGTGCCATTTACGCATAACGCC
chrIII	739	70	GATGCTACAGTATATACCATCTCAAACTTACCCTACTTTCATATTCCACTCCATCACCCATCTCTCACCATCAGTACCAAATGCACTCGCATCATTATGCACGGCACTTGCCTCAGCGGTCTATACCCTGTGCCATTTACGCATAACGCC
chrIII	740	70	ATGCTACAGTATATACCATCTCAAACTTACCCTACTTTCATATTCCACTCCATCACCCATCTCTCACCATCAGTACCAAATGCACTCGCATCATTATGCACGGCACTTGCCTCAGCGGTCTATACCCTGTGCCATTTACGCATAACGCCCA
chrIII	743	70	CTACAGTATATACCATCTCAAACTTACCCTACTTTCATATTCCACTCCATCACCCATCTCTCACCATCAGTACCAAATGCACTCGCATCATTATGCACGGCACTTGCCTCAGCGGTCTATACCCTGTGCCATTTACGCATAACGCCCATC
chrIII	743	70	CTACAGTATATACCATCTCAAACTTACCCTACTTTCATATTCCACTCCATCACCCATCTCTCACCATCAGTACCAAATGCACTCGCATCATTATGCACGGCACTTGCCTCAGCGGTCTATACCCTGTGCCATTTACGCATAACGCCCATCA
chrIII	743	5150	CTACAGTATATACCATCTCAAACTTACCCTACTTTCATATTCCACTCCATCACCCATCTCTCACCATCAGTACCAAATGCACTCGCATCATTATGCACGGCACTTGCCTCAGCGGTCTATACCCTGTGCCATTTACGCATAACGCCCATC
chrIII	743	70	CTACAGTATATACCATCTCAAACTTACCCTACTTTCATATTCCACTCCATCACCCATCACTCACCATCAGTACCAAATGCACTCGCATCATTATGCACGGCACTTGCCTCAGCGGTCTATACCCTGTGCCATTTACGCATAACGCCCATCA
chrIII	743	2640	CTACAGTATATACCATCTCAAACTTACCCTACTTTCATATTCCACTCCATCACCCATCTCTCACCATCAGTACCAAATGCACTCGCATCATTATGCACGGCACTTGCCTCAGCGGTCTATACCCTGTGCCATTTACGCATAACGCCCATCA
chrIII	743	2640	CTACAGTATATACCATCTCAAACTTACCCTACTTTCATATTCCACTCCATCACCCATCTCTCACCATCAGTACCAAATGCACTCGCATCATTATGCACGGCACTTGCCTCAGCGGTCTATACCCTGTGCCATTTACGCATAACGCCCATCA
chrIII	743	2640	CTACAGTATATACCATCTCAAACTTACCCTACTTTCATAGTCCACTCCATCACCCATCTCTCACCATCAGTACCAAATGCACTCGCATCATTATGCACGGCACTTGCCTCAGCGGTCTAGACCCTGTGCCATTTACGCATAACGCCCATC
chrIII	745	1410	ACAGTATATACCATCTCAAACTTACCCTACTTTCATATTCCACTCCATCACCCATCTCTCACCATCAGTACCAAATGCACTCGCATCATTATGCACGGCACTTGCCTCAGCGGTCTATACCCTGTGCCATTTACGCATAACGCCCATCAT
chrIII	745	1410	ACAGTATATACCATCTCAAACTTACCCTACTTTCATATTCCACTCCATCACCCATCTCTCACCATCAGTACCAAATGCACTCGCATCATTATGCACGGCACTTGCCTCAGCGGTCTATACCCTGTGCCATTTACGCATAACGCCCATCATT
chrIII	745	5150	ACAGTATATACCATCTAAAACATACCCGACTTTCATATTCCACTCCATCACCCATCTCTCACCCTCAGAACCAAATGCACTCGCATCATTAAGCACGGCACTTGCCTCAGCGGACTATACCCTCTGCCATTTACGCATAACGACCATCATT
chrIII	745	2640	ACAGTATATACCATCTCAAACTTACCCTACTTTCATATTCCACTCCATCACCCATCTCTCACCATCAGTACCAAATGCACTCGCATCATTATGCACGGCACTTGCCTCAGCGGTCTATACCCTGTGCCATTTACGCATAACGCCCATCATT
chrIII	748	1410	GTAAATACAATCTCAAACTTACCCTACTTTCATATTCCACTCCATCACCCATCTCTCACCATCAGTACCAAATGCACTCGCATCATTATGCACGGCACTTGCCTCAGCGGTCTATACCCTGTGCCATTTACCCATAACGCCCATCATTAAC
chrIII	748	7530	GTATATACCATCTCAAACTTACCCTACTTTCATATTCCACTCCATCACCCATCTCTCACCATCAGTACCAAATGCACTCGCATCATTATGCACGGCACTTGCCTCAGCGGTCTATACCCTGTGCCATTTACGCATAACGCCCATCATTAT
chrIII	748	70	GTATATACCATCTCAAACTTACCCTACTTTCATATTCCACTCCATCACCCATCTCTCACCATCAGTACCAAATGCACTCGCATCATTATGCACGGCACTTGCCTCAGCGGTCTATACCCTGTGCCATTTACGCATAACGCCCATCATTAT
chrIII	748	1410	GTATATACCATCTCAAACTTACCCTACTTTCATATTCCACTCCATCACCCATCTCTCACCATCAGTACCAAATGCACTCGCATCATTATGCACGGCACTTGCCTCAGCGGTCTATACCCTGTGCCATTTACGCATAACGCCCATCATTATC
chrIII	748	70	GAATATACAATCTCAAACTTACCCTACTATCATATTCCACTCCCTCACACATCTCTCACCATCAGTACCAAATGCACTCGCATCATTATGCACGGCACTAGCCTCAGCGGTCTATACCCTGTGCCAATTACGCATAACGCCCAACATTAT
chrIII	748	2640	GTATATACCATCTCAAACTTACCCTACTTTCATATTCCACTCCATCACCCATCTCTCACCATCAGTACCAAATGCACTCGCATCATTATGCACGGCACTTGCCTCAGCGGTCTATACCCTGTGCCATTTACGCATAACGCCCATCATTAT
chrIII	748	5150	GTATATACCATCTCAAACTTACCCTACTTTCATATTCCACTCCATCACCCATCTCTCACCATCAGTACCAAATGCACTCGCATCATTATGCACGGCACTTGCCTCAGCGGTCTATACCCTGTGCCATTTACGCATAACGCCCATCATTATC
chrIII	748	2640	GTATATACCATCTCAAACTTACCCTACTTTCATATTCCACTCCATCACCCATCTCTCACCATCAGTACCAAATGCACTCGCATCATTATGCACGGCACTTGCCTCAGCGGTCTATACCCTGTGCCATTTACGCATAACGCCCATCATTAT
chrIII	748	1410	GTATATACCATCTCAAACTTACCCTACTTTCATATTCCACTCCATCACCCATCTCTCACCATCAGTACCAAATGCACTCGCATCATTATGCACGGCACTTGCCTCAGCGGTCTATACCCTGTGCCATTTACGCATAACGCCCATCATTATC
chrIII	748	1410	GTATATACCATCTCAAACTTACCATACTTTCATATTCCACTCCATCACCCATCTCTCACCATCAGTACCAAATGCACTCGCATCATTATGCACGGCACTTGCCTCAGCGGTCTATACCCTGTGCCATTTACGCATAACGCCCATCATTATC
chrIII	748	2640	GTATATACCATCTCAAACTTACCCTACTTTCATATTCCACTCCATCACCCATCTCTCACCATCAGTACCAAATGCACTCGCATCATTATGCACGGCACTTGCCTCAGCGGTCTATACCCTGTGCCATTTACGCATAACGCCCATCATTAT
chrIII	748	1410	GTATATACCATCTCAAACTTACCCTACTTTCATATTCCACTCCATCACCCATCTCTCACCATCAGTACCAAATGCACTCGCATCATTATGCACGGCACTTGCCTCAGCGGTCTATACCCTGTGCCATTTACGCATAAAGCCCATCATTAT
chrIII	748	70	GTATATACCATCTCAAACTTACCCTACTTTCATATTCCACTCCATCACCCATCTCTCACCATCAGTACCAAATGCACTCGCATCATTATGCACGGCACTTGCCTCAGCGGTCTATACCCTGTGCCATTTACGCATAACGCCCATCATTAT
chrIII	748	1410	GTATATACCATCTCAAACTTACCCTACTTTCATATTCCACTCCATCACCCATCTCTCACCATCAGTACCAAA
chrIII	748	70	GTATATACCATCTCAAACTTACCCTACTTTCATATTCCACTCCATCACCCATCTCTCACCATCAGTACCAAATGCACTCGCATCATTATGCACGGCACTTGCCTCAGCGGTCTATACCCTGTGCCATTTACGCATAACGCCCATCATTAT
chrIII	748	2640	GTATATACCATCTCAAACTTACCCTACTTTCATATTCCACTCCATCACCCATCTCTCACCATCAGTACCAAATGCACTCGCATCATTATGCACGGCACTTGCCTCAGCGGTCTATACCCTGTGCCATTTACGCATAACGCCCATCATTAT
chrIII	748	2640	GTATATACCATCTCAAACTTACCCTACTTTCATATTCCACTCCATCACCCATCTCTCACCATCAGTACCAAATGCACTCGCATCATTATGCACGGCACTTGCCTCAGCGGTCTATACCCTGTGCCATTTACGCATAACGCCCATCATTAT
chrIII	748	70	GTATATACCATCTCAAACTTACCCTACTTTCATATTCCACTCCATCACCCATCTCTCACCATCAGTACCAAATGCACTCGCATCATTATGCACGGCACTTGCCTCAGCGGTCTATACCCTGTGCCATTTACGCATAACGCCCATCATTAT
chrIII	748	1410	GTATATACCATCTCAAACTTACCCTACTTTCATATTCCACTCCATCACCCATCTCTCACCATCAGTACCAAATGCACTCGCATCATTATGCACGGCACTTGCCTCGGCGGTCTATACCCTGTGCCATTTACGCATAACGCCCATCATTATC
chrIII	748	1410	GTATATACCATCTCAAACTTACCCTACTTTCATATTCCACTCCATCACCCATCTCTCACCATCAGTACCAAATGCACTCGCATCATTATGCACGGCACTTGCCTCAGCGGTCTATACCCTGTGCCATTTACGCATAACGCCCATCATTATC
chrIII	748	2640	GTATATACCATCTCAAACTTACCCTACTTTCATATTCCACTCCATCACCCATCTCTCACCATCAGTACCAAATGCACTCGCATCATTATGCACGGCACTTGCCTCAGCGGTCTATACCCTGTGCCATTTACGCATAACGCCCATCATTAT
chrIII	748	5150	GTATATACCATCTCAAACTTACCCTACTTTCATATTCCACTCCATCACCCATCTCTCACCATCAGTACCAAATGCACTCGCATCATTATGCACGGCACTTGCCTCAGCGGTCTATACCCTGTGCCATTTACGCATAACGCCCATCATTATC
chrIII	748	1410	GTATATACCATCTCAAACTTACCCTACTTTCATATTCCACTCCATCACCCATCTCTCACCATCAGTACCAAATGCACTCGCATCATCATGCACGGCACTTGCCTCAGCGGTCTATACCCTGTGCCATTTACGCATAACGCCCATCATTATC
chrIII	748	1410	GTATATACCATCTCAAACTTACCCTACTTTCATATTCCACTCCATCACCCATCTCTCACCATCAGTACCAAATGCACTCGCATCATTATGCACGGCACTTGCCTCAGCGGTCTATACCCTGTGCCATTTACGCATAACGCCCATCATTAAC
chrIII	748	2640	GTATATACCATCTCAAACTTACCCTACTTTCATATTCCACTCCATCACCCATCTCTCACCATCAGTACCAAATGCACTCGCATCATTATGCACGGCACTTGCCTCAGCGGTCTATACCCTGTGCCATTTACGCATAACGCCCATCATTAT
chrIII	748	70	GTATATACCATCTCAAACTTACCCTACTTTCATATTCCACTCCATCACCCATCTCTCACCATCAGTACCAAATGCACTCGCATCATTATGCACGGCACTTGCCTCAGCGGTCTATACCCTGTGCCATTTACGCATAACGCCCATCATTAT
chrIII	748	1410	GTATATACCATCTCAAACTTACCCTACTTTCATATTCCACTCCATCACCCATCTCTCACCATCAGTACCAAA
chrIII	748	2640	GTATATACCATCTCAAACTTACCCTACTTTCATATTCCACTCCATCACCCATCTCTCACCATCAGTACCAAATGCACTCGCATCATTATGCACGGCACTTGCCTCAGCGGTCTATACCCTGTGCCATTTACGCATAACGCCCATCATTAT
chrIII	749	70	TATATACCATCTCAAACTTACCCTACTTTCATATTCCACTCCATCACCCATCTCTCACCATCAGTACCAAATGCACTCGCATCATTATGCACGGCACTTGCCTCAGCGGTCTATACCCTGTGCCATTTACGCATAACGCCCATCATTATCC
chrIII	749	70	TATATACCATCTCAAACTTACCCTACTTTCATATTCCACTCCATCACCCATCTCTCACCATCAGTACCAAATGCACTCGCATCATTATGCACGGCACTTGCCTCAGCGGTCTATACCCTGTGCCATTTACGCATAACGCCCATCATTATC
chrIII	749	70	TATATACCATCTCAAACTTCCCCTACCTGCATATTCCACGCCATCCCCCAGCTCTCACCCTCAGTACCAACTGCACTCGCAACATTATGCACGGCACTTGCCTCAGCGGTCTATACCCTGTGCCATTTACGCATAACGCCCATCATTATCC
chrIII	749	70	TATATACCATCTCAAACTTACCCTACTTTCATATTCCACTCCATCACCCATCTCTCACCATCAGTACCAAATGCACTCGCATCATTATGCACGGCACTTGCCTCAGCGGTCTATACCCTGTGCCATTTACGCATAACGCCCATCATTATC
chrIII	749	70	TATATACCATCTCAAACTTACCCTACTTTCATATTCCACTCCATCACCCATCTCTCACCATCAGTACCAAATGCACTCGCATCATTATGCACGGCACTTGCCTCAGCGGTCTATACCCTGTGCCATTTACGCATAACGCCCATCATTA
chrIII	749	70	TATATACCATCTCAATCTATCCCTTCTTTCATATTCCACTCCATCACCCATCTCTCACCATCAGTACCAAATGCACTCGCATCATTATGCACGGCTTTTGCCTCTGCGGTCTATACCCTGTGCCATTTTCGCATATCGACCTTCATTATCC
chrIII	749	7530	TATATACCATCTCAAACTTACCCTACTTTCATATTCCACTCCATCACCCATCTCTCACCATCAGTACCAAATGCACTCGCATCATTATGCACGGCACTTGCCTCAGCGGTCTATACCCTGTGCCATTTACGCATAACGCCCATCATTATCC
chrIII	750	7530	ATATACCATCTCAAACTTACCCTACTTTCATATTCCACTCCATCACCCATCTCTCACCATCAGTACCAAATGCACTCGCATCATTATGCACGGCACTTGCCTCAGCGGTCTATACCCTGTGCCATTTACGCATAACGCCCATCATTATCCA
chrIII	750	7530	ATAAACCATCTCAAACGTACCCTACTTTCATATTCCACTCCAACACCCATCTCTCACCATCAGTACCAAATGCACGCGCATCATAATGCACGGCACTTGCCTCAGCGGACTATACCCTGAGCCATTTACGCATAACGCCCATCATTATCCA
chrIII	750	70	ATATACCATCTCAAACTTACCCTACTTTCATATTCCACTCCATCACCCATCTCTCACCATCAGAACCAAATGCACTCGCATCATAATGCACGGCACTTGCCTCAGCGGTCTATACCCTGTGCCATTTACGCATAACGCCCATCATTATCCA
chrIII	750	70	ATATACCATCTCAAACTTACCCTACTTTCATATTCCACTCCATCACCCATCTCTCACCATCAGTACCAAATGCACTCGCATCATTATGCACGGCACTTGCCTCAGCGGTCTATACCCTGTGCCATTTACGCATAACGCCCATCATTATCCA
chrIII	750	1410	ATATACCATCTCAAACTTACCCTACTTTCATATTCCACTCCATCACCCATCTCTCACCATCAGTACCAAATGCACTCGCATCATTATGCACGGCACTTGCCTCAGCGGTCTATACCCTGTGCCATTTACGCATAACGCCCATCATTATCC
chrIII	750	2640	ATATACCATCTCAAACTTACCCTCCTTTCATATTCCACTCCATCACCCATCTCTCACCATCAGTACCAAATGCACTCGCATCATTATGCACGGCACTTGCCTCAGCGGTCTATACCCTGTGCCATTTACGCATAACGCCCATCATTATCCA
chrIII	750	1410	ATATACCATCTCAAACTTACCCTACTTTCATATTCCACTCCATCACCCATCTCTCACCATCAGTACCAAATGCACTCGCATCATTATGCACGGCACTTGCCTCAGCGGTCTATACCCTGTGCCATTTACGCATAACGCCCATCATTATCC
chrIII	750	2640	ATATACCATCTCAAACTTACCCTACTTTCATATTCCACTCCATCACCCATCTCTCACCATCAGTACCAAATGCACTCGCATCATTATGCACGGCACTTGCCTCAGCGGTCTATACCCTGTGCCATTTACGCATAACGCCCATCATTATCCA
chrIII	752	5150	ATACCATCTCAAACTTACCCTAATTTCATATTACACTCCATCACCCATCTCTCACCATCAGTACCAAATGCACTCGCATCATTATGCACGGCACTTGCCTCAGCGGTCTATACCCTGTGCCATTTACGCATAACGCCCATCATTATCCAC
chrIII	752	1410	ATACCATCTCAAACTTACCCTACTTTCATATTCCACTCCATCACCCATCTCTCACCATCAGTACCAAATGCACTCGCATCATTATGCACGGCACTTGCCTCAGCGGTCTATACCCTGTGCCATTTACGCATAACGCCCATCATTATCCAC
chrIII	752	7530	ATACCATCTCAAACTTACCCTACTTTCATATTCCACTCCATCACCCATCTCTCACCATCAGTACCAAATGCACTCGCATCATTATGCACGGCACTTGCCTCAGCGGTCTATACCCTGTGCCATTTACGCATAACGCCCATCATTATCCACA
chrIII	753	2640	TACCATCTCAAACTTACCCTACTTTCATATTCCACTCCATCACCCATCTCTCACCATCAGTACCAAATGCACTCGCATCATTATGCACGGCACTTGCCTCAGCGGTCTATACCCTGTGCCATTTACGCATAACGCCCATCATTATCC
chrIII	753	2640	TACCATCTCAAACTTACCCTACTTTCATATTCCACTCCATCACCCATCTCTCACCATCAGTACCAAATGCACTCGCATCATTATGCACGGCACTTGCCTCAGCGGTCTATACCCTGTGCCATTTACGCATAACGCCCATCATTATCC
chrIII	755	10150	CCATCTCAAACTTACCCTACTTTCATATTCCACTCCATCACCCATCTCTCACCATCAGTACCAAATGCACTCGCATCATTATGCACGGCACTTGCCTCAGCGGTCTATACCCTGTGCCATTTACGCATAACGCCCATCATTATCCACATTT
chrIII	757	70	ATCTCAAACTTACCCTACTTTCATATTCCACTCCATCACCCATCTCTCACCATCAGTACCAAATGCACTCGCATCATTATGCACGGCACTTGCCTCAGCGGTCTATACCCTGTGCCATTTACGCATAACGCCCATCATTATCCACATTTTA
chrIII	757	5150	ATCTCAAACTTACCCTACTTTCATATTCCACTCCATCACCCATCTCTCACCATCAGTACCAAATGCACTCGCATCATTATGCACGGCACTTGCCTCAGCGGTCTATACCCTGTGCCATTTACGCATAACGCCCATCATTATCAACATTTT
chrIII	757	7530	ATCTCAAACTTACCCTACTTTCATATTCCACTCCATCACCCATCTCTCACCATCAGTACCAAATGCACTCGCATCATTATGCACGGCACTTGCCTCAGCGGTCTATACCCTGTGCCATTTACGCATAACGCCCATCATTATCCACATTTTA
chrIII	757	7530	ATCTCAAACTTACCCTACTTTCATATTCCACTCCATCACCCATCTCTCACCATCAGTACCAAATGCACTCGCATCATTATGCACGGCACTTGCCTCAGCGGTCTATACCCTGTGCCATTTACGCATAACGCCCATCATTATCCACATTTTA
chrIII	757	70	ATCTCAAACTTACCCTACTTTCATATTCCACTCCATCACCCATCTCTCACCATCAGTACCAAATGCACTCGCATCATTATGCACGGCACTTGCCTCAGCGGTCTATACCCTGTGCCATTTACGCATAACGCCCATCATTATCCACATTTTA
chrIII	758	5150	TCTCAAACTTACCCTACTTTCATATTCCACTCCATCACCCATCTCTCACCATCAGTACCAAATGCACTCGCATCATTATGCACGGCACTTGCCTCAGCGGTCTATACCCTGTGCCATTTACGCATAACGCCCATCATTATCCACATTTTA
chrIII	758	2640	TCTCAAACTTACCCTACTTTCATATTCCACTCCATCACCCATCTCTCACCATCAGTACCAAATGCACTCGCATCATTATGCACGGCACTTGCCTCAGCGGTCTATACCCTGTGCCATTTACGCATAACGCCCATCATTATCCACATTTTAA
chrIII	758	70	TCTCAAACTTACCCTACTTTCATATTCCACTCCATCACCCATCTCTCACCATCAGTACCAAATGCACTCGCATCATTATGCACGGCACTTGCCTCAGCGGTCTATACCCTGTGCCATTTACGCATAACGCCCATCATTATCCACATTTTAA
chrIII	759	2640	CTCAAACTTACCCTACTTTCAGAGTCCACTCCATCACCCATCTCTCACCATCAGTACCAAATGCACTCGCATCATTATGCACGGCACTTGCCTCAGCGGTCTATACCCTGTGCCATTTACGCATAACGCCCATCATTATCCACATTTTAAT
chrIII	759	70	CTCAAACTTACCCTACTTTCATATTCCACTCCATCACCCATCTCTCACCATCAGTACCAAATGCACTCGCATCATTATGCACGGCACTTGCCTCAGCGGTCTATACCCTGTGCCATTTACGCATAACGCCCATCATTATCCACATTTTAAT
chrIII	759	70	CTCAAACTTACCCTACTTTCATATTCCACTCCATCACCCATCTCTCACCATCAGTACCAAATGCACTCGCATCATTATGCACGGCACTTGCCTCAGCGGTCTATACCCTGTGCCATTTACGCATAACGCCCATCATTATCCACATTTTAAT
chrIII	759	70	CTCAAACGTACCCTACGTTCATATTCCACTCCATCACCCATCTCTCACCATCAGTACCAAATGCTCTCGCATCAGTATGCACGGCTCTTGCCTCAGCGGTCTATAGCCTGTGCGATGTACGCAGTTCGCCCCTCATTATCGACATTTTAAT
chrIII	760	70	TCAAACTTACCCTACTTTCATATTCCACTCCATCACCCATCTCTCACCATCAGTACCAAATGCACTCGCATCATTATGCACGGCACTTGCCTCAGCGGTCTATACCCTGTGCCATTTACGCATAACGCCCATCATTATCCACATTTTAATA
chrIII	761	70	CAAACTTACCCTACTTTCATAGTCCACTCCATCACCCATCTCTCACCATCAGTACCAAATGCACTCGCATCATTATGCACGGCACTTGCCTCAGCGGTCTATACCCTGTGCCATTTACGCATAACGCCCATCATTATCCACATTTTAATAT
chrIII	761	1410	CAAACTTACCCTACTTTCATATTCCACTCCATCACCCATCTCTCACCATCAGTACCAAATGCACTCGCATCATTATGCACGGCACTTGCCTCAGCGGTCTATACCCTGTGCCATTTACGCATAACGCCCATCATTATCCACATTTTAAT
chrIII	761	70	CAAACTTACCCTACTTTCATATTCCACTCCATCACCCATCTCTCACCATCAGTACCAAATGCACTCGCATCATTATGCACGGCACTTGCCTCAGCGGTCTATACCCTGTGCCATTTACGCATAACGCCCATCATTATCCACATTTTAATAT
chrIII	767	2640	(CTCACTCG)TACCCTCCTTTCATATTCCCCTCCATCACCCATCTCTCACCATCACTACCAAATGCACTCGCATCATTATGCACGGCACTTGCCTCAGCGGTATATACCCTGTGCCATTTACGCATAACGCCCATCATTATCCACATATTAAT
chrIII	767	70	TACCCTACTTTCATATTCCACTCCATCACCCATCTCTCACCATCAGTACCAAATGCACTCGCATCATTATGCACGGCACTTGCCTCAGCGGTCTATACCCTGTGCCATTTACGCATAACGCCCATCATTATCCACATTTTAATATCTATAT
chrIII	768	5150	ACCCTACTTTCATATTCCACTCCATCACCCATCTCTCACCATCAGTACCAAATGCACTCGCATCATTATGCACGGCACTTGCCTCAGCGGTCTATACCCTGTGCCATTTACGCATAACGCCCATCATTATCCACATTTTAATATCTATATC
chrIII	768	2640	ACCCTACTTTCATATTCCACTCCATCACCCATCTCTCACCATCAGTACCAAATGCACTCGCATCATTATGCACGGCACTTGCCTCAGCGGTCTATACCCTGTGCCATTTACGCATAACGCCCATCATTATCCACATTTTAATATCTATATC
chrIII	768	1410	ACCCTACTTTCATATTCCACTCCATCACCCATCTCTCACCATCAGTACCAAATGCACTCGCATCATTATGCACGGCACTTGCCTCAGCGGTCTATACCCTGTGCCATTTACGCATAACGCCCATCATTATCCACATTTTAATATCTATATC
chrIII	768	70	ACCCTACTTTCATATTCCACTCCATCACCCATCTCTCACCATCAGTACCAAATGCACTCGCATCATTATGCACGGCACTTGCCTCAGCGGTCTATACCCTGTGCCATTTACGCATAACGCCCATCATTATCCACATTTTAATATCTATATC
chrIII	768	1410	ACCCTACTTTCATATTCCACTCCATCACCCATCTCTCACCATCAGTACCAAATGCACTCGCATCATTATGCACGGCACTTGCCTCAGCGGTCTATACCCTGTGCCATTTACGTATAACGCCCATCATTATCCACATTTTAATATCTATATC
chrIII	769	1410	CCCTACTTTCATATTCCACTCGATCACCCATCTCTCACCATCAGTACCAAATGCACTCGCATCATTATGCACGGCACTTGCCTCAGCGGTCTATACCCTGTGCCATTTACGCATAACGCCCATCATTATCCACATTTTAATATCTATATCT
chrIII	769	5150	CCCTACTTTCATATTCCACTCCATCACCCATCTCTCACCATCAGTACCAAATGCACTCGCATCATTATGCACGGCACTTGCCTCAGCGGTCTATACCCTGTGCCATTTACGCATAACGCCCATCATTATCCACATTTTAATATCTATATCT
chrIII	769	70	CCCTACTTTCATATTCCACTCCATCACCCATCTCTCACCATCAGTACCAAATGCACTCGCATCATTATGCACGGCACTTGCCTCAGCGGTCTATACCCTGTGCCATTTACGCATAACGCCCATCATTATCCACATTTTAATATCTATATCT
chrIII	769	70	CCCTACTTTCATATTCCACTCCATCACCCATCTCTCACCATCAGTACCAAATGCACTCGCATCATTATGCACGGCACTTGCCTCAGCGGTCTATACCC
chrIII	769	70	CCCTACTTTCATATTCCACTCCATCACCCATCTCTCACCATCAGTACCAAATGCACTCGCATCATTATGCACGGCACTTGCCTCAGCGGTCTATACCC
chrIII	769	70	ACCTACTTTCATATTCCACTCCATCACCCATCTCTCACCATCAGTACCAAATGCACTCGCATCATTATGCACGGCACTTGCATCAGCGGTCTATACCCTGTGACATTTACGCATAACGCCCATCATTATCCACATTTTAATATCTATATCT
chrIII	770	2640	CCTACTTTCATATTCCACTCCATCACCCATCTCTCACCATCAGTACCAAATGCACTCGCATCATTATGCACGGCACTTGCCTCAGCGGTCTATACCCTGTGCCATTTACGCATAACGCCCATCATTATCCACATTTTAATATCTATATCTC
chrIII	770	2640	CCTACTTTCATATTCCACTCCATCACCCATCTCTCACCATCAGTACCAAATGCACTCGCATCATTATGCACGGCACTTGCCTCAGCGGTCTATACCCTGTGCCATTTACGCATAACGCCCATCATTATCCACATTTTAATATCTATATCTC
chrIII	770	5150	CCTACTTTCATATTCCACTCCATCACCCATCTCTCACCATCAGTACCAAATGCACTCGCATCATTATGCACGGCACTTGCCTCAGCGGTCTATACCCTGTGCCATTTACGCATAACGCCCATCATTATCCACATTTTAATATCTATATCTC
chrIII	770	2640	CCTACTTTCATATTCCACTCCAGCACCCATCTCTCACCATCAGTACCAAATGCACTCGCAACTTTATGCACGGCCCTTGCCTCTGCGGTCTAGACCCTGTGCCATTTACGCAGAACGCCCATCATTATCCCCATTTTAATATCTATATCTC
chrIII	773	2640	ACTTTCATATTCCACTCCATCACCCATCTCTCACCATCAGTACCAAATGCACTCGCATCATTATGCACGGCACTTGCCTCAGCGGTCTATACCCTGTGCCATTTACGCATAACGCCCATCATTATCCACATTTTAATATCTATATCTCATT
chrIII	773	7530	(CCCCC)ACTTTCATATTCCACTCCATCACCCATCTCTCACCATCAGTACCAAAAGCAATCGCATCATTATGCACGGCACTTGCCTCAGCGGTCTATACCCTGTGCCATTTACGCATAACGCCCATCATTATCCACATTTTAATATCTATATC
chrIII	773	70	ACTTTCATATTCCACTCCATCACCCATCTCTCACCATCAGTACCAAATGCACTCGCATCATTATGCACGGCACTTGCCTCAGCGGTCTATACCCTGTGCCATTTACGCATAACGCCCATCATTATCCACATTTTAATATCTATATCTCATT
chrIII	773	70	ACTTTCATATTCCACTCCATCACCCATCTCTCACCATCAGTACCAAATGCACTCGCATCATTATGCACGGCACTTGCCTCAGCGGTCTATACCCTGTGCCATTTACGCATAACGCCCATCATTATCCACATTTTAATATCTATATCTCATT
chrIII	773	70	ACTTTCATATTCCACTCCATCACCCATCTCTCACCATCAGTACCAAATGCACTCGCATCATTATGCACGGCACTTGCCTCAGCGGTCTATACCCTGTGCCATTTACGCATAACGCCCATCATTATCCACATTTTAATATCTATATCTCATT
chrIII	773	70	ACTTTCATATTCCACTCCATCACCCATCTCTCACCATCAGTACCAAATGCACTCGCATCATTATGCACGGCACTTGCCTCAGCGGTCTATACCCTGTGCCATTTACGCATAACGCCCATCATTATCCACATTTTAATATCTATATCTCATT
chrIII	774	70	CTTTCATATTCCACTCCATCACCCATCTCTCACCATCAGTACCAAATGCACTCGCATCATTATGCACGGCACTTGCCTCAGCGGTCTATACCCTGTGCCATTTACGCATAACGCCCATCATTATCCACATTTTAATATCTATATCTCATTC
chrIII	774	2640	CTTTCATATTCCACTCCATCACCCATCTCTCACCATCAGTACCAAATGCACTCGCATCATTATGCACGGCACTTGCCTCAGCGGTCTATACCCTGTGCCATTTACGCATAACGCCCATCATTATCCACATTTTAATATCTATATC
chrIII	774	2640	CTTTCATATTCCACTCCATCACCCATCTCTCACCATCAGTACCAAATGCACTCGCATCATTATGCACGGCACTTGCCTCAGCGGTCTATACCCTGTGCCATTTACGCATAACGCCCATCATTATCCACATTTTAATATCTATATC
chrIII	776	70	TTCATATTCCACTCCATCACCCATCTCTCACCATCAGTACCAAATGCACTCGCATCATTATGCACGGCACTTGCCTCAGCGGTCTATAC
chrIII	776	2640	TTCATATTCCACTCCATCACCCATCTCTCACCATCAGTACCAAATGCACTCGCATCATTATGCACGGCACTTGCCTCAGCGGTCTATACCCTGTGCCATTTACGCATAACGCCCATCATTATCCACATTTTAATATCTATATCTCATTCGG
chrIII	776	5150	TTCATATTCCACTCCATCACCCATCTCTCAACATCAGTACCAAATGCACTCGCATCATTATGCACGGCACTTGCCTCAGCGGTCTATACCCTGTGCCATTTACGCATAACGCCCATCATTATCCACATTTTAATATCTATATCTCATTCGG
chrIII	776	1410	TTCATATTCCACTCCATCACCCATCTCTCACCATCAGTACCAAATGCACTCGCATCATTATGCACGGCACTTGCCTCAGCGGTCTATACCCTGTGCCATTTACGCATAACGCCCATCATTATCCACATTTTAAT
chrIII	776	1410	TTCATATTCCACTCCATCACCCATCTCTCACCATCAGTACCAAATGCACTCGCATCATTATGCACGGCACTTGCCTCAGCGGTCTATACCCTGTGCCATTTACGCATAACGCCCATCATTATCCACATTTTAAT
chrIII	776	70	TTCATATTCCACTCCATCACCCATCTCTCACCATCAGTACCAAATGCACTCGCATCATTATGCACGGCACTTGCCTCAGCGGTCTATACCCTGTGCCATTTACGCATAACGCCCATCATTATCCACATTTTAATATCTATATCTCATTCGG
chrIII	776	2640	TTCATATTCCACTCCATCACCCATCTCTCACCATCAGTACCAAATGCACTCGCATCATTATGCACGGCACTTGCCTCAGCGGTCTATACCCTGTGCCATTTACGCATAACGCCCATCATTATCCACATTTTAATATCTATATCTCATTCGG
chrIII	776	70	TTCATATTCCACTCCATCACCCATCTCTCACCATCAGTACCAAATGCACTCGCATCATTATGCACGGCACTTGCCTCAGCGGTCTATAC
chrIII	776	1410	TTCATATTCCACTCCATCCCCCATCTCTCACCATCAGTACCAAATGCACTCGCATCATTATGCACGGCACTTGCCGCAGCGGTCTATACCCTGTGCCATTTACGCATAACGCCCATCATTATCCACATTTTAATATCTATATCTCATTC
chrIII	776	2640	TTCATATTCCACTCCATCACCCATCTCTCACCATCAGTACCAAATGCACTCGCATCATTATGCACGGCACTTGCCTCAGCGGTCTATACCCTGTGCCATTTACGCATAACGCCCATCATTATCCACATTTTAATATCTATATCTCATTCGG
chrIII	776	5150	TTCATATTCCACTCCATCACCCATCTCTCACCATCAGTACCAAATGCACTCGCATCATTATGCACGGCACTTGCCTCAGCGGTCTATACCCTGTGCCATTTACGCATAACGCCCATCATTATCCACATTTTAATATCTATATCTCATTC
chrIII	776	1410	TTCATATTCCACTCCATCACCCATCTCTCACCATCAGTACCAAATGCACTCGCATCATTATGCACGGCACTTGCCTCAGCGGTCTATACCCTGTGCCATTTACGCATAACGCCCATCATTATCCACATTTTAATATCTATATCTCATTCGG
chrIII	776	5150	TTCATATTCCACTCCATCGCCCATCTCTCACCATCAGTCCCAAATGCACTCGCATCATTATGCACGGCACTTGCCTCAGCGGGCTATACCCTGTGCCATTTACGCATAACGCCCATCATTATCCACAGTTTAATATCTATATCTCATTCGG
chrIII	776	2640	TTCATATTCCACTCCATCACCCATCTCTCACCATCAGTACCAAATGCACTCGCATCATTATGCACGGCACTTGCCTCAGCGGTCTATACCCTGTGCCATTTACGCATAACGCCCATCATTATCCACATTTTAATATCTATATCTCATTCGG
chrIII	776	2640	TTCATATTCCACTCCATCACCCATCTCTCACCATCAGTACCAAATGCACTCGCATCATTATGCACGGCACTTGCCTCAGCGGTCTATACCCTGTGCCATTTACGCATAACGCCCATCATTATCCACATTTTAATATCTATATCTCATTCGG
chrIII	776	2640	TTCATATTCCACTCCATCACCCATCTCTCACCATCAGTACCAAATGCACTCGCATCATTATGCACGGCACTTGCCTCAGCGGTCTATACCCTGTGCCATTTACGCATAACGCCCATCATTATCCACATTTTAATATCTATATCTCATTCGG
chrIII	776	70	TTCATATTCCACTCCATCACCCATCTCTCACCATCAGTACCAAATGCACTCGCATCATAATGCACGGCACTTGCCTCAGCGGTCTATACCCTGTGCCATTTACGCATAACGCCCATCATAATCCACATTTTAATAACTATATCTCATT
chrIII	778	7530	(ACCAAACTTA)CATATTCGACTCCCTCACCCAACTCTCACCATCAGTACCAAATCCACACGCATCAATATGCACGGCACTTGCCTCAGCGGACTATACACTGTCCCAATAACGCAAAACGCCCAACATTCTCCACA(AATTCCATACTATAT)
chrIII	778	1410	CATATTCCACTCCATCACCCATCTCTCACCATCAGTACCAAATGCACTCGCATCATTATGCACGGCACTTGCCTCAGCGGTCTATACCCTGTGCCATTTACGCATAACGCCCATCATTATCCACATTTTAATATCTATATCTCATTCGGCG
chrIII	779	2640	ATATTCCACTCCATCACCCATCTCTCACCATCAGTACCAAATGCACTCGCATCATTATGCACGGCACTTGCCTCAGCGGTCTATACCCTGTGCCATTTACTCATAACGCCCATCATTATCCACATTTTAATATCTATATCTCATTCGGCGA
chrIII	781	2640	ATTCCACTCCATCACCCATCTCTCACCATCAGTACCAAATGCACTCGCATCATTATGCACGGCACTTGCCTCAGCGGTCTATACCCTGTGCCATTTACGCATAACGCCCATCATTATCCACATTTTAATATCTATATCTCATTCGGCGACA
chrIII	781	70	ATTCCACTCCATCACCCATCTCTCACCATCAGTACCAAATGCACTCGCATCATTATGCACGGCACTTGCCTCAGCGGTCTATACCCTGTGCCATTTACGCATAACGCCCATCATTATCCACATTTTAATATCTATATCTCATTCGGCGACA
chrIII	782	2640	TTCCACTCCATCACCCATCTCTCACCATCAGTACCAAATGCACTCGCATCATTATGCACGGCACTTGCCTCAGCGGTCTATACCCTGTGCCATTTACGCATAACTC
chrIII	782	70	TTCCACTCCATCACCCATCTCTCACCATCAGTACCAAATGCACTCGCATCATTATGCACGGCACTTGCCTCAGCGGTCTATACCCTGTGCCATTTACGCATAACGCCCATCATTATCCACATTTTAATATCTATATCTCATTCGGCGACA
chrIII	782	2640	TTCCACTCCATCACCCATCTCTCACCATCAGTACCAAATGCACTCGCATCATTATGCACGGCACTTGCCTCAGCGGTCTATACCCTGTGCCATTTACGCATAACGCCCATCATTATCCACATTTTAATATCTATATCTCATTCGGCGACA
chrIII	782	2640	TTCCACTCCATCACCCATCTCTCACCATCAGTACCAAATGCACTCGCATCATTATGCACGGCACTTGCCTCAGCGGTCTATACCCTTTGCCATTTACGCATAACGCCCATCATTATCCACATTTTAATATCTATATCTCATTCGGCGACA
chrIII	782	2640	TTCCACTCCATCACCCATCTCTCACCATCAGTACCAAATGCACTCGCATCATTATGCACGGCACTTGCCTCAGCGGTCTATACCCTGTGCCATTTACGCATAACTC
chrIII	785	7530	(GTCAAATAA)CACTCCATCACCCATCTCTCACCATCAGTACCAAATGCACTCGCATCATTATGCACGGCACTTGCCTCAGCGGTCTATACCCTGTGCCATTTACGCATAACGCCCATCATTATCCACATTAAAATATATAAATCTCATTCGG
chrIII	787	70	CTCCATCACCCATCTCTCACCATCAGTACCAAATGCACTCGCATCATTATGCACGGCACTTGCCTCAGCGGTCTATACCCTGTGCCATTTACGCATAACGCCCATCATTATCCACATTTTAATATCTATATCTCATTCGGCGACACCAAAT
chrIII	787	7530	CTACATCAACCATCTCTCACCATCAGTACCCAATGCACTCGCATCATTATGCACGGCACTTGCCTCAGCGGT(GTTGACCCTGTGCCAGTACGGCATAACGCCCCACAGTCTCCACGTTTGAAGATCTATATGTCCTTCCGCCTCACCGAAG)
chrIII	787	2640	CTCCATCACCCATCTCTCACCATCAGTACCAAATGCACTCGCATCATTATGCACGGCACTTGCCTCAGCGGTCTATACCCTGTGCCATTTACGCATAACGCCCATCATTATCCACATTTTAATATCTATATCTCATTCGGCGACACCAAAT
chrIII	787	2640	CTCCATCACCCATCTCTCACCATCAGTACCAAATGCACTCGCATCATTATGCACGGCACTTGCCTCAGCGGTCTATACCCTGTGCCATTTACGCATAACGCCCATCATTATCCACATTTTAATATCTATATCTCATTCGGCGACACCAAAT
chrIII	787	5150	CTCCATCACCCATCTCTCACCATCAGTACCAAATGCACTCGCATCATTATGCACGGCACTTGCCTCAGCGGTCTATACCCTGTGCCATTTACGCATAACGCCCATCATTATCCACATTTTAATATCTATATCTCATTCGGCGACACCAAAT
chrIII	788	70	TCCATCACCCATCTCTCACCATCAGTACCAAATGCACTCGCATCATTATGCACGGCACTTGCCTCAGCGGTCTATACCCTGTGCCATTTACGCATAACGCCCATCATTATCCACATTTTAATATCTATATCTCATTCGGCGACACCAAATA
chrIII	788	70	TCCATCACCCATCTCTCACCATCAGTACCAAATGCACTCGCATCATTATGCACGGCACTTGCCTCAGCGGTCTATACCCTGTGCCATTTACGCATAACGCCCATCATTATCCACATTTTAATATCTATATCTCATTCGGCGACACCAAATA
chrIII	788	70	TCCATCACCAATCTCTCACCATCAGTACCAAATGCACTCGCATCATTATGCACGGCACTTGCCTCAGAGGTCTTTATACTGTGCCATTTACGCATAACGCCAATCATTATCCACATTTGAATATCTATTTCTCATTCGGCGACACCAAATA
chrIII	789	2640	CCATCACCCATCTCTCACCATCAGTACCAAATGCACTCGCATCATTATGCACGGCACTTGCCTCAGCGGTCTATACCCTGTGCCATTTACGCATAACGCCCATCATTATCCACATTTTAATATCTATATCTCATTCGGCGACACCAAATAT
chrIII	789	2640	CCATCACCCATCTCTCACCATCAGTACCAAATGCACTCGCATCATTATGCACGGCACTTGCCTCAGCGGTCTATACCCTGTGCCATTTACGCATAACGCCCATCATTATCCACATTTTAATATCTATATCTCATTCGGCGACACCAAATAT
chrIII	789	2640	CCATCACCCATCTCTCACCATCAGTACCAAATGCACTCGCATCATTATGCACGGCACTTGCCTCAGCGGTCTATACCCTGTGCCATTTACGCATAACGCCCATCATTATCCACATTTTAATATCTATATCTCATTCGGCGACACCAAATAT
chrIII	789	1410	CCATCACCCATCTCTCACCATCAGTACCAAATGCACTCGCATCATTATGCACGGCACTTGCCTCAGCGGTCTATACCCTGTGCCATTTACGCATAACGCCCATCATTATCCACATTTTAATATCTATATCTCATTCGGCGACACCAAATAT
chrIII	789	1410	CCATCACCCATCTCTCACCATCAGTACCAAATGCACTCGCATCATTATGCACGGCACTTGCCTCAGCGGTCTATACCCTGTGCCATTTACGCATAACGCCCATCATTATCCACATTTTAATATCTATATCTCATTCGGCGACACCAAATAT
chrIII	789	7530	CCATCACCCATCTCTCACCATCAGTACCAAATGCACTCGCATCATTATGCACGGCACTTGCCTCAGCGGTCTATACCCTGTGCCATTTACGCATAACGCCCATCATTATCCACATTTTAATATCTATATCTCATTCGGCGACACCAAATAT
chrIII	789	7530	CCATCACCCATCTCTCACCATCAGTACCAAATGCACTCGCATCATTATGCACGGCACTTGCCTCAGCGGTCTATACCCTGTGCCATTTACGCATAACGCCCATCATTATCCACATTTTAATATCTATATCTCATTCGGCGACACCAAATAT
chrIII	789	70	CCATCACCCATCTCTCACCATCAGTACCAAATGCACTCGCATCATTATGCACGGCACTTGCCTCAGCGGTCTATACCCTGTGCCATTTACGCATAACGCCCATCATTATCCACATTTTAATATCTATATCTCATTCGGCGACACCAAATAT
chrIII	789	2640	CCATCACCCATCTCTCACCATCAGTACCAAATGCACTCGCATCATTATGCACGGCACTTGCCTCAGCGGTCTATACCCTGTGCCATTTACGCATAACGCCCATCATTATCCACATTTTAATATCTATATCTCATTCGGCGACACCAAATAT
chrIII	789	7530	CCATCACCCATCTCTCACCATCAGTACCAAATGCACTCGCATCATTATGCACGGCACTTGCCTCAGCGGTCTATACCCTGTGCCATTTACGCATAACGCCCATCATTATCCACATTTTAATATCTATATCTCATTCGGCGACACCAAATAT
chrIII	789	5150	CCATCACCCATCTCTCACCATCAGTACCAAATGCACTCGCATCATTATGCACGGCACTTGCCTCAGCGGTCTATACCCTGTGCCATTTACGCATAACGCCCATCATTATCCACATTTTAATATCTATATCTCATTCGGCGACACCAAATAT
chrIII	789	2640	CCATCACCCATCTCTCACCATCAGTACCAAATGCACTCGCATCATTATGCACGGCACTTGCCTCAGCGGTCTATACCCTGTGCCATTTACGCATAACGCCCATCATTATCCACATTTTAATATCTATATCTCATTCGGCGACACCAAATAT
chrIII	789	2640	CCATCACCCATCTCTCACCATCAGTACCAAATGCACTCGCATCATTATGCACGGCACTTGCCTCAGCGGTCTATACCCTGTGCCATTTACGCATAACGCCCATCATTATCCACATTTTAATATCTATATCTCATTCGGCGACACCAAATAT
chrIII	791	2640	ATCACCCATCTCTCACCATCAGTACCAAATGCACTCGCATCATTATGCACGGCACTTGCCTCAGCGGTCTATACCCTGTGCCATTTACGCATAACGCCCATCATTATCCACATTTTAATATCTATATCTCATTCGGCGACACCAAATATTG
chrIII	791	2640	ATCACCCATCTCTCACCATCAGTACCAAATGCACTCGCATCATTATGCACGGCACTTGCCTCAGCGGTCTATACCCTGTGCCATTTACGCATAACGCCCATCATTATCCACATTTTAATATCTATATCTCATTCGGCGACACCAAATATTG
chrIII	791	70	ATCACCCATCTCTCACCATCAGTACCAAATGCACTCGCATCATTATGCACGGCACTTGCCTCAGCGGTCTATACCCTGTGCCATTTACGCATAACGCCCATCATTATCCACATTTTAATATCTATATCTCATTCGGCGACACCAAATATTG
chrIII	794	1410	ACCCATCTCTCACCATCAGTACCAAATGCACTCGCATCATTATGCACGGCACTTGCCTCAGCGGTCTATACCCTGTGCCATTTACGCATAACGCCCATCATTATCCACATTTTAATATCTATATCTCATTCGGCGACACCAAATATTGTAT
chrIII	794	2640	ACCCATCTCTCACCATCAGTACCAAATGCACTCGCATCATTATGCACGGCACTTGCCTCAGCGGTCTATACCCTGTGCCATTTACGCATAACGCCCATCATTATCCACATTTGAATATCTATATCTCATTCGGCGACACCAAATATTGTAT
chrIII	794	70	ACCCATCTCTCACCATCAGTACCAAATGCACTCGCATCATTATGCACGGCACTTGCCTCAGCGGTCTATACCCTGTGCCATTTACGCATAACGCCCATCATTATCCACATTTTAATATCTATATCTCATTCGGCGACACCAAATATTGTAT
chrIII	794	70	ACCCATCTCTCACCATCAGTACCAAATGCACTCGCATCATTATGCACGGCACTTGCCTCAGCGGTCTATACCCTGTGCCATTTACGCATAACGCCCATCATTATCC
chrIII	794	70	ACCCATCTCTCACCATCAGTACCAAATGCACTCGCATCATTATGCACGGCACTTGCCTCAGCGGTCTATACCCTGTGCCATTTACGCATAACGCCCATCATTATCC
chrIII	794	2640	ACCCATCTCTCACCATCAGTACCAAATGCACTCGCATCATTATGCACGGCACTTGCCTCAGCGGTCTATACCCTGTGCCATTTACGCATAACGCCCATCATTATCCACATTTTAATATCTATATCTCATTCGGCGACACCAAATATTGTAT
chrIII	794	2640	ACCCATCTCTCACCATCAGTACCAAATGCACTCGCATCATTATGCACGGCACTTGCCTCAGCGGTCTATACCCTGTGCCATTTACGCATAACGCCCATCATTATCCACATTTTAATATCTATATCTCATTCGGCGACACCAAATATTGTAT
chrIII	794	2640	ACCCATCTCTCACCATCAGTACCAAATGCACTCGCATCATTATGCACGGCACTTGCCTCAGCGGTCTATACCCTGTGCCATTTACGCATAACGCCCATCATTATCCACATTTTAATATCTATATCTCATTCGGCGACACCAAATATTGTAT
chrIII	794	5150	ACCCATCTCTCACCATCAGTACCAAATGCACTCGCATCATTATGCCCGGCACTTGCCTCAGCGGTCTATACCCTGTGCCATTTACGCATAACGCCCATCATTATCCACATTTTAATATCTATATCTCATTCGGCGACCCCAAATATTGTAT
chrIII	794	70	ACCCATCTCTCACCATCAGTACCAAATGCACTCGCATCATTATGCACGGCACTTGCCTCAGCGGTCTATACCCTGTGCCATTTACGCATAACGCCCATCATTATCCACATTTTAATATCTATATCTCATTCGGCGACACCAAATATTGTAT
chrIII	794	70	ACCCATCTCTCACCATCAGTACCAAATGCACTCGCATCATTATGCACGGCACTTGCCTCAGCGGTCTATACCCTGTGCCATTTACGCATAACGCCCATCATTATCCACATTTTAATATCTATATCTCATTCGGCGACACCAAATATTGTAT
chrIII	795	2640	CCCATCTCTCACCATCAGTACCAAATGCACTCGCATCATTATGCACGGCACTTGCCTCAGCGGTCTATACCCTGTGCCATTTACGCATAACGCCCATCATTATCCACATTTTAATATCTATATCTCATTCGGCGACACCAAATATTGTATA
chrIII	797	5150	CATCTCTCACCATCAGTACCAATTGCACTCGCATCATTATGCACTGCACTTGCCTCAGCGGTCTATACCCTGTGCCATTTACGCATAACGCCCATCATTATCCACATTTTAATATCTATATCTCATTCGGCGTCACCAAATATTGTATAAC
chrIII	797	70	CATCTCTCACCATCAGTACCAAATGCACTCGCATCATTATGCACGGCACTTGCCTCAGCGGTATATACCCTGTGCCATTTACGCATAACGCCCATCATTATCCACATTTTAATATCTATATCTCATTCGGCGACACCAAATATTGTATAAC
chrIII	797	2640	CATCTCTCACCATCAGTACCAAATGCACTCGCATCATTATGCACGGCACTTGCCTCAGCGGTCTATACCCTGTGCCATTTACGCATAACGCCCATCATTATCCACATTTTAATATCTATATCTCATTCGGCGACACCAAATATTGTATAAC
chrIII	797	2640	CATCTCTCACCATCAGTACCAAATGCACTCGCATCATTATGCACGGCACTTGCCTCAGCGGTCTATACCCTGTGCCATTTACGCATAACGCCCATCATTATCCACATTTTAATATCTATATCTCATTCGGCGACACCAAATATTGTATAAC
chrIII	797	70	CATCTCTCACCATCAGTACCAAATGCCCTCGCATCATTATGCACGGCACTTGCCTCAGCGGTCTATACCCTGTGCCATTTACGCATAACGCCCATAATTATCCACATTTTAATATCTATATCTCATTCGGCGACACCAAATATTGTATAAC
chrIII	797	2640	CATCTCTCACCATCAGTACCACATGCACTCGCATCATTATGCACGGCACTTGCCTCAGCGGTCTATACCCTGTGCCATTTACGCATAACGCCCATCATTATCCACATTTTAATATCTATATCTCATTCGGCGACACCAAATATTGTATAAC
chrIII	797	70	CATCTCTCACCATCAGTACCAAATGCACTCGCATCATTATGCACGGCACTTGCCTCAGCGGTCTATACCCTGTGCCATTTACGCATAACGCCCATCATTATCCACATTTTAATATCTATATCTCATTCGGCGACACCAAATATTGTATAAC
chrIII	797	70	CATCTCTCACCATCAGTACCAAATGCACTCGCATCATTATGCACGGCACTTGCCTCAGCGGTCTATACCCTGTGCCATTTACGCATAACGCCCATCATTATCCACATTTTAATATCTATATCTCATTCGGCGACACCAAATATTGTATAAC
chrIII	797	2640	CATCTCTCACCATCAGTACCAAATGCACTCGCATCATTATGCACGGCACTTGCCTCAGCGGTCTATACCCTGTGCCATTTACGCATAACGCCCATCATTATCCACATTTTAATATCTATATCTCATTCGGCGACACCAAATATTGTATAAC
chrIII	797	70	CATCTCTCACCATCAGTACCAAATGCACTAGCATCATTATGCACGGCACTTGCCTCAGCGGTCTATACCCTGTGCCATTTACGCATAACGCCCATCATTATCCACATTTTTATATCTATATCTCATTCGGCGACACCAAATATTGTATAAC
chrIII	797	5150	CATCTCTCACCATCAGTACCAAATGCACTCGCATCATTATGCACGGCACTTGCCTCAGCGGTCTATACCCTGTGCCATTTACGCATAACGCCCATCATTATCCACATTTTAATATCTATATCTCATTCGGCGACACCAAATATTGTATAAC
chrIII	797	2640	CATCTCTCACCATCAGTACCAAATGCACTCGCATCATTATGCACGGCACTTGCCTCAGCGGTCTATACCCTGTGCCATTTACGCATAACGCCCATCATTATCCACATTTTAATATCTATATCTCATTCGGCGACACCAAATATTGTATAAC
chrIII	797	70	CATCTCTCACCATCAGTACCAAATGCACTCGCATCATTATGCACGGCACTTGCCTCAGCGGTCTATACCCTGTGCCATTTACGCATAACGCCCATCATTATCCACATTTTAATATCTATATCTCATTCGGCGACACCAAATATTGTATAAC
chrIII	798	70	ATCTCTCACCATCAGTACCAAATGCACTCGCATCATTATGCACGGCACTTGCCTCAGCGGTCTATACCCTGTGCCATTTACGCATAACGCCCATCATTATCC
chrIII	798	70	ATCTCTCACCATCAGTACCAAATGCACTCGCATCATTATGCACGGCACTTGCCTCAGCGGTCTATACCCTGTGCCATTTACGCATAACGCCCATCATTATCC
chrIII	799	7530	TCTCTCACCATCAGTACCAAATGCACTCGCATCATTATGCACGGCACTTGCCTCAGCGGTCTATACCCTGTGCCATTTACGCATAACGCCCATCATTATCCACATTTTAATATCTATATCTCATTCGGCGACACCAAATATTGTATAA
chrIII	799	1410	TCTCTCACCATCAGTACCAAATGCACTCGCATCATTATGCACGGCACTTGCCTCAGCGGTCTATACCCTGTGCCATTTACGCATAACGCCCATCATTATCCACATTTTAATATCTATATCTCATTCGGCGACACCAAATATTGTATAACTG
chrIII	799	70	TCTCTCACCATCAGTACCAAATGCACTCGCATCATTATGCACGGCACTTGCCTCAGCGGTCTATACCCTGTGCCATTTACGCATAACGCCCATCATTATCCACATTTTAATATCTATATCTCATTCGGCGACACCAAATATTGTATAACTG
chrIII	799	1410	TCTCTCACCATCAGTACCAAATGCACTCGCATCATTATGCACGGCACTTGCCTCAGCGGTCTATACCCTGTGCCATTTACGCATAACGCCCATCATTATCCACATTTTAATATCTATATCTCATTCGGCGACACCAAATATTGTATAACTG
chrIII	799	5150	TCTCTCACAATCAGTACCAAATGCACTCGCATCATTATGCACGGCACTTGCCTCAGCGGTCTATACAATGTGCCATTTACGCATAAAGCCCATCATTATCCACATTTTAATATCTATATCTCATTCGGCGACACCAAATATTGAATAACTG
chrIII	799	2640	TCTCTCACCATCAGTACCAAATGCACTCGCATCATTATGCACGGCACTTGCCTCAGCGGTCTATACCCTGTGCCATTTACGCATAACGCCCATCATTATCCACATTTTAATATCTATATCTCATTCGGCGACACCAAATATTGTATAA
chrIII	799	1410	TCTCTCACCATCAGTACCAAATGCACTCGCATCATTATGCACGGCACTTGCCTCAGCGGTCTATACCCTGTGCCATTTACGCATAACGCCCATCATTATCCACATTTTAATATCTATATCTCATTCGGCGACACCAAATATTGTATAACTG
chrIII	802	2640	CTCACCATCAGTACCAAATGCACTCGCATCATTATGCACGGCACTTGCCTCAGCGGTCTATACCCTGTGCCATTTACGCATAACGCCAATCATTATCCACATTTTAATATCTATATCTCATTCGGCGACACCAAATATTGTATAACTGCC
chrIII	802	2640	CTCACCATCAGTACCAAATGCACTCGCATCATTATGCACGGCACTTGCCTCAGCGGTCTATACCCTGTGCCATTTACGCATAACGCCCATCATTATCCACATTTTAATATCTATATCTCATTCGGCGACACCAAATATTGTATAACTGCC
chrIII	802	1410	CTCACCATCAGTACCAAATGCACTCGCATCATTATGCACGGCACTTGCCTCAGCGGTCTATACCCTGTGCCATTTACGCATAACGCCCATCATTATCCACATTTTAATATCTATATCTCATTCGGCGACACCAAATATTGTATAACTGCCC
chrIII	802	70	CTCACCATCAGTACCAAATGCACTCGCATCATTATGCACGGCACTTGCCTCAGCGGTCTATACCCTGTGCCATTTACGCATAACGCCCATCATTATCCACATTTTAATATCTATATCTCATTCGGCGACACCAAATATTGTATAACTGCC
chrIII	802	7530	(CATGA)CTCACCATCAGTACCAAATGCACTCGCATCATTATGCACGGCACTTGCCTCAGCGTTATATACCCTGTGCCATTTACGCATAACGCCCATCATTATCCACATTTTAATATCTATATCTCATTCGGCGACACCAAATATTGTATAAC
chrIII	802	2640	CTCACCATCAGTACCAAATGCACTCGCATCATTATGCACGGCACTTGCCTCAGCGGTCTATACCCTGTGCCATTTACGCATAACGCCCATCATTATCCACATTTTAATATCTATATCTCATTCGGCGACACCAAATATTGTATAACTGCC
chrIII	804	1410	CACCATCAGTACCAAATGCACTCGCATCATTATGCACGGCACTTGCCTCAGCGGTCTATACCCTGTGCCATTTACGCATAACGCCCATCATTATCCACATTTTAATATCTATATCTCATTCGGCGACACCAAATATTGTATAACTGCCCTT
chrIII	806	5150	CCATCAGTACCAAATGCACTCGCATCATTATGCACGGCACTTGCCTCAGCGTTCTATACCCTGTGCCATTTACGCATAACGCACAACATTAACCACATTTTAATATATATATCTCATTCGGCGACACCAAATATTGTATAACTTCACTTA
chrIII	807	1410	CATCAGTACCAAATGCACTCGCATCATTATGCACGGCACTTGCCTCAGCGGTCTATACCCTGTGCCATTTACGCATAACGCCCATCATTATCCACATTTTAATATCTATATCTCATTCGGCGACACCAAATATTGTATAACTGCCCTTAAT
chrIII	807	10150	AATCAGTACCAAATGCACCCACATCATTATGCACGGCACTTGCCTCAGCGGTCTATACCCTGTGCCATTTACGCATAACGCCCATCATTATCCACATTTTAATATCTATATCTCATTCGGCGACACCAAATATTGTATAACTGCCCTTAAT
chrIII	807	2640	CATCAGTACCAAATGCACTCGCATCATTATGCACGGCACTTGCCTCAGCGGTCTATACCCTGTGCCATTTACGCATAACGCCCATCATTATCCACATTTTAATATCTATATCTCATTCGGCGACACCAAATATTGTATAACTGCCCTTAAT
chrIII	807	7530	AATCAGTACCAAATGCACCCACATCATTATGCACGGCACTTGCCTCAGCGGTCTATACCCTGTGCCATTTACGCATAACGCCCATCATTATCCACATTTTAATATCTATATCTCATTCGGCGACACCAAATATTGTATAACTGCCCTTAAT
chrIII	807	70	CATCAGTACCAAATGCACTCGCATCATTATGCACGGCACTTGCCTCAGCGGTCTATACCCTGTGCCATTTACGCATAACGCCCATCATTATCCACATTTTAATATCTATATCTCATTCGGCGACACCAAATATTGTATAACTGCCCTTAAT
chrIII	807	7530	CATCAGTAACAAATTCACTCGCATCATTATGCACGGCACTGGCCTCAGCGGTCTATACCCTGTGCCATGTACGCATAACGCCCCTCAGGAGCCACATTTTAATATCTATATCTCTTTCGGCGACACCAAATATTGTATAACTGCCCTTATT
chrIII	807	5150	CATCAGTACCAAATGCACTCGCATCATTATGCACGGCACTTGCCTCAGCGGTCTATACCCTGTGCCATTTACGCATAACGCCCATCATTATCCACATTTTAATATCTATATCTCATTCGGCGACACCAAATATTGTATAACTGCCCTTAAT
chrIII	807	70	CATCAGTACCAAATGCACTCGCATCATTATGCACGGCACTTGCCTCAGCGGTCTATACCCTGTGCCATTTACGCATAACGCCCATCATTATCCACATTTTAATATCTATATCTCATTCGGCGACACCAAATATTGTATAACTGCCCTTAAT
chrIII	807	2640	CATCAGTACCAAATGCACTCGCATCATTATGCACGGCACTTGCCTCAGCGGTCTATACCCTGTGCCATTTACGCATAACGCCCATCATTATCCACATTTTAATATCTATATCTCATTCGGCGACACCAAATATTGTATAACTGCCCTTAAT
chrIII	807	10150	AATCAGTACCAAATGCACCCACATCATTATGCACGGCACTTGCCTCAGCGGTCTATACCCTGTGCCATTTACGCATAACGCCCATCATTATCCACATTTTAATATCTATATCTCATTCGGCGACACCAAATATTGTATAACTGCCCTTAAT
chrIII	807	7530	AATCAGTACCAAATGCACCCACATCATTATGCACGGCACTTGCCTCAGCGGTCTATACCCTGTGCCATTTACGCATAACGCCCATCATTATCCACATTTTAATATCTATATCTCATTCGGCGACACCAAATATTGTATAACTGCCCTTAAT
chrIII	808	7530	(CACTAA)ATCAGTACCAAATGCACCCACATCATTATGCACGGCACTTGCCTCAGCGGTCTATACCCTGTGCCATTTACGCATAACGCCCATCATTATCCACATTTTAATATCTATATCTCATTCGGCGACACCAAATATTGTATAACTGCC
chrIII	808	10150	(CTCACTAA)ATCAGTACCAAATGCACCCACATCATTATGCACGGCACTTGCCTCAGCGGTCTATACCCTGTGCCATTTACGCATAACGCCCATCATTATCCACATTTTAATATCTATATCTCATTCGGCGACACCAAATATTGTATAACTGC
chrIII	808	10150	(TCCATGGCCCATTCTCACTAA)ATCAGTACCAAATGCACCCACATCATTATGCACGGCACTTGCCTCAGCGGTCTATACCCTGTGCCATTTACGCATAACGCCCATCATTATCCACATTTTAATATCTATATCTCATTCGGCGACACCAAAT
chrIII	808	1410	ATCAGTACCAAATGCACTCGCATCATTATGCACGGCACTTGCCTCAGCGGTCTATACCCTGTGCCATTTACGCATAACGCCCATCATTATCCACATTTTAATATCTATATCTCATTCGGCGACACCAAATATTGTATAACTGCCCTTAAT
chrIII	808	7530	(CCCATTCTCACTAA)ATCAGTACCAAATGCACCCACATCATTATACACGGCACTTGCCTCAGCGGTCTATACCCTGTGCCATTTACGCATAACGCCCATCATTATCCACATTTTAATATCTATATCTCATTCGGCGACACCAAATATTGTAT
chrIII	808	10150	(ATTCTCACTAA)ATCAGTACCAAATGCACCCACATCATTATGCACGGCACTTGCCTCAGCGGTCTATACCCTGTGCCATTTACGCATAACGCCCATCATTATCCACATTTTAATATCTATATCTCATTCGGCGACACCAAATATTGTATAAC
chrIII	808	10150	ATCAGTACCAAATGCACCCACATCATTATGCACGGCACTTGCCTCAGCGGTCTATACCCTGTGCCATTTACGCATAACGCCCATCATTATCCACATTTTAATATCTATATCTCATTCGGCGACACCAAATATTGTATAACTGCCCTTAAT
chrIII	808	5150	ATCAGTACCAAATGCACTCGCATCATTATGCACGGCACTTGCCTCAGCGGTCTATACCCTGTGCCATTTACGCATAACGCCCATCATTATCCACATTTTAATATCTATATCTCATTCGGCGACACCAAATATTGTATAACTGCCCTTAATA
chrIII	808	10150	(CACTAA)ATCAGTACCAAATGCACCCACATCATTATGCACGGCACTTGCCTCAGCGGTCTATACCCTGTGCCATTTACGCATAACGCCCATCATTATCCACATTTTAATATCTATATCTCATTCGGCGACACCAAATATTGTATAACTGCCC
chrIII	808	10150	(CACTAA)ATCAGTACCAAATGCACCCACATCATTATGCACGGCACTTGCCTCAGCGGTCTATACCCTGTGCCATTTACGCATAACGCCCATCATTATCCACATTTTAATATCTATATCTCATTCGGCGACACCAAATATTGTATAACTGCCC
chrIII	808	5150	(CACTAA)ATCAGTACCAAATGCACCCACATCATTATGCACGGCACTTGCCTCAGCGGTCTATACCCTGTGCCATTTACGCATAACGCCCATCATTATCCACATTTTAATATCTATATCTCATTCGGCGACACCAAATATTGTATAACTGCCC
chrIII	809	7530	TCAGTACCAAATGCACTCGCATCATTATGCACGGCACTTGCCTCAGCGGTCTATACCCTGTGCCATTTACGCATAACGCCCATCATTATCCACATTTTAATATCTATATCTCATTCGGCGACACCAAATATTGTATAACTGCCCTTAATAC
chrIII	809	70	TCAGTACCAAATGCACTCGCATCATTATGCACGGCACTTGCCTCAGCGGTCTATACCCTGTGCCATTTACGCATAACGCCCATCATTATCCACATTTTAATATCTATATCTCATTCGGCGACACCAAATATTGTATAACTGCCCTTAATAC
chrIII	809	5150	TCAGTACCAAATGCACTCGCATCATTATGCACGGCACTTGCCTCAGCGGTCTATACCCTGTGCCATTTACGCATAACGCCCATCATTATCCACATTTTAATATCTATATCTCATTCGGCGACACCAAATATTGTATAACTGCCCTTAATAC
chrIII	809	7530	TCAGTACCAAATGCACTCGCATCATTATGCACGGCACTTGCCTCAGCGGTCTATACCCTGTGCCATTTACGCATAACGCCCATCATTATCCACATTTTAATATCTATATCTCATTCGGCGACACCAAATATTGTATAACTGCCCTTAATAC
chrIII	809	7530	TCAGTACCAAATGCACCCACATCATTATGCACGGCACTTGCCTCAGCGGTCTATACCCTGTGCCATTTACGCATAACGCCCATCATTATCCACATTTTAATATCTATATCTCATTCGGCGACACCAAATATTGTATAACTGCCCTTAATAC
chrIII	809	2640	TCAGTACCAAATGCACTCGCATCATTATGCACGGCACTTGCCTCAGCGGTCTATACCCTGTGCCATTTACGCATAACGCCCATCATTATCCACATTTTAATATCTATATCTCATTCGGCGACACCAAATATTGTATAACTGCCCTTAATAC
chrIII	809	2640	TCAGTACCAAATGCACTCGCATCATTATGCACGGCACTTGCCTCAGCGGTCTATACCCTGTGCCATTTACGCATAACGCCCATCATTATCCACATTTTAATATCTATATCTCATTCGGCGACACCAAATATTGTATAACTGCCCTTAATAC
chrIII	809	7530	TCAGTAACAAATGCACCCACATCATTATGCACGGCACTTGCCTCAGCGGTCTATACCCTGTGCCATTTACGCATAACGCCCATCATTATCCACATTTTAATATCTATATCTCATTCGGCGACACCAAATATTGTATAACTGCCCTTAATAC
chrIII	809	2640	TCAGTACCAAATGCACTCGCATCATTATGCACGGCACTTGCCTCAGCGGTCTATACCCTGTGCCATTTACGCATAACGCCCATCATTATCCACATTTTAATATCTATATCTCATTCGGCGACACCAAATATTGTATAACTGCCCTTAATAC
chrIII	809	70	TCAGTACCAAATGCACTCGCATCATTATGCACGGCACTTGCCTCAGCGGTCTATACCCTGTGCCATTTACGCATAACGCCCATCATTATCCACATTTTAATATCTATATCTCATTCGGCGACACCAAATATTGTATAACTGCCCTTAATAC
chrIII	809	2640	TCAGTACCAAATGCACTCGCATCATTATGCACGGCACTTGCCTCAGCGGTCTATACCCTGTGCCATTTACGCATAACGCCCATCATTATCCACATTTTAATATCTATATCTCATTCGGCGACACCAAATATTGTATAACTGCCCTTAATAC
chrIII	809	2640	TCAGTACCAAATGCACTCGCATCATTATGCACGGCACTTGCCTCAGCGGTCTATACCCTGTGCCATTTACGCATAACGCCCATCATTATCCACATTTTAATATCTATATCTCATTCGGCGACACCAAATATTGTATAACTGCCCTTAATAT
chrIII	809	70	TCAGGACCAAATGCACTCGCATCATTATGCACGGCACTTGCCTCAGCGGTCTATACCCTGTGCCATTTACGCATAACGCCCATCATTATCCACATTTTAATATCTATATCTCATTCGGCGACACCAAATATTGTATAACTGCCCTTAATAC
chrIII	809	70	TCAGTACCAAATGCACTCGCATCATTATGCACGGCACTTGCCTCAGCGGTCTATACCCTGTGCCATTTACGCATAACGCCCATCATTATCCACATTTTAATATCTATATCTCATTCGGCGACACCAAATATTGTATAACTGCCCTTAATAC
chrIII	810	10150	CAGTACCAAATGCACCCACATCATTATGCACGGCACTTGCCTCAGCGGTCTATACCCTGTGCCATTTACGCATAACGCCCATCATTATCCACATTTTAATATCTATATCTCATTCGGCGACACCAAATATTGTATAACTGCCCTTAATAC
chrIII	810	5150	CAGTACCAAATGCCCCCACATCATTATGCCCGGCACTTGCCTCAGCGGTCTATACCCTGTGCCATTTACGCATAACGCCCATCATTATCCACATTTTAATATCTATATCTCATTCGGCGACACCAAATATTGTATAACTGCCCTTAATAC
chrIII	810	7530	(CACAAAACCATGGCCCATTCACACAAAAA)CAGTACCAAATGCACCCACCTCAATATGCACGGCACTAGCCTCAGCGGTCTTTCCCCAGTGCCATATACGCATAACGCCCATGAATATCCACATCATAATATCTATATCTCATTCGGCGACA
chrIII	810	7530	(GTCAATCACGCATGTCTCAGCAA)CAGTACCAAATGCACTCGCATCAATATGCCCCGCACGTGCCTCAGCG(CTCTAATCCCTCTGCCATAACCGCATCACGGCCCACATGCTCCACCAGAAAAAATCTAAGTCACATTCGCGGCCACCACAT)
chrIII	811	5150	CGTACCAAATGCACCCACATCATTATGCACGGCACTTGCCTCAGCGGTCTATACCCTGTGCCATTTACGCATAACGCCCATCATTATCCACATTTTAATATCTATATCTCATTCGGCGACACCAAATATTGTATAACTGCCCTTAATACAT
chrIII	812	2640	GTACTAGATGCACTCACATCATTATGCACGGCACTTGCCTCAGCGGTCTATACCCTGTGCCATTTACGCATAACGCCCATCATTATCCACATTTTAATATCTATATCTCATTCGGCGACCCCAAATATTGTATAACTGCCCTTAATACATA
chrIII	812	7530	GTACCAAATGCACCCACATCATTATGCACGGCACTTGCCTCAGCGGTCTATACCCTGTGCCATTTACGCATAACGCCCATCATTATCCACATTTTAATATCTATATCTCATTCGGCGACACCAAATATTGTATAACTGCCCTTAATACATA
chrIII	812	5150	GTACCAAATGCACTCGCATCATTATGCACGGCACTTGCCTCAGCGGTCTATACCCTGTGCCATTTACGCATAACGCCCATCATTATCCACATTTTAATATCTATATCTCATTCGGCGACACCAAATATTGTATAACTGCCCTTAATACATA
chrIII	812	2640	GTACCAAATGCACTCGCATCATTATGCACGGCACTTGCCTCAGCGGTCTATACCT
chrIII	812	2640	GTACCAAATGCACTCGCATCATTATGCACGGCACTTGCCTCAGCGGTCTATACCC
chrIII	812	1410	GTACCAAATGCACTCGCATCATTATGCACGGCACTTGCCTCAGCGGTCTATACCCTGTGCCATTTACGCATAACGCCCATCATTATCCACATTTTAATATCTATATCTCATTCGGCGACACCAAATATTGTATAACTGCCCTTAATACAT
chrIII	812	1410	GTACCAAATGCACTCGCATCATTATGCACGGCACTTGCCTCAGCGGTCTATACCCTGTGCCATTTACGCATAACGCCCATCATTATCCACATTTTAATATCTATATCTCATTCGGCGACACCAAATATTGTATAACTGCCCTTAATACAT
chrIII	812	2640	GTACCAAATGCACTCGCATCATTATGCACGGCACTTGCCTCAGCGGTCTATACCCTGTGCCATTTACGCATAACGCCCATCATTATCCACATTTTAATATCTATATCTCATTCGGCGACACCAAATATTGTATAACTGCCCTTAATACATA
chrIII	812	2640	GTACCAAATGCACTCGCATCATTATGCACGGCACTTGCCTCAGCGGTCTATACCCTGTGCCATTTACGCATAACGCCCATCATTATCCACATTTTAATATCTATATCTCATTCGGCGACACCAAATATTGTATAACTGCCCTTAATACATA
chrIII	812	10150	GTACCAAATGCACCCACATCATTATGCACGGCACTTGCCTCAGCGGTCTATACCCTGTGCCATTTACGCATAACGCCCATCATTATCCACATTTTAATATCTATATCTCATTCGGCGACACCAAATATTGTATAACTGCCCTTAATACAT
chrIII	812	2640	GTACCAAATGCACTCGCATCATTATGCACGGCACTTGCCTCAGCGGTCTATACCCTGTGCCATTTACGCATAACGCCCATCATTATCCACATTTTAATATCTATATCTCATTCGGCGACACCAAATATTGTATAACTGCCCTTAATACATA
chrIII	813	2640	TACCAAATGCACTCGCATCATTATGCACGGCACTTGCCTCAGCGGTCTATACCCTGTGCCATTTACGCATAACGCCCATCATTATCCACATTTTAATATCTATATCTCATTCGGCGACACCAAATATTGTATAACTGCCCTTAATACATA
chrIII	813	7530	TACCTAATGCACTCGCATCATTATGCACGGCACTTGCCTCAGCGGTCTTTACCCTGTGCCATTTACGCATAACGCCCATCATTATCCACATTTTAATATCTATATCTCATTCGGCGACACCAAATATTGTATAACTGCCCTTAATACA
chrIII	813	2640	TACCAAATGCACTCGCATCATTATGCACGGCACTTGCCTCAGCGGTCTATACCCTGTGCCATTTACGCATAACGCCCATCATTATCCACATTTTAATATCTATATCTCATTCGGCGACACCAAATATTGTATAACTGCCCTTACTACATA
chrIII	813	7530	TACCAAATGCACTCGCATCATTATGCACGGCACTTGCCTCAGCGGTCTATACCCTGTGCCATTTACGCATAACGCCCATCATTATCCACATTTTAATATCTATATCTCATTCGGCGACACCAAATATTGTATAACTGCCCTTAATACATA
chrIII	813	7530	TACCAAATGCACTCGCATCATTATGCACGGCACTTGCCTCAGCGGTCTATACCCTGTGCCATTTACGCATAACGCCCATCATTATCCACATTTTAATATCTATATCTCATTCGGCGACACCAAATATTGTATAACTGCCCTTAATACATA
chrIII	814	7530	ACCAAATGCACTCGCATCATTATGCACGGCACTTGCCTCAGCGGTCTATACCCTGTGCCATTTACGCATAAGGCCCATCATGATCCACATTTTTATAGCGATATCTCATTCGGCGTCACCAAAGATTGTATAACTGCCCTTAATACATACG
chrIII	814	7530	ACCAAATGCACTCGCATCATTATGCACGGCACTTGCCTCAGCGGTCTATACCCTGTGCCATTTACGCATAACGCCCATCATTATCCACATTTTAATATCTATATCTCATTCGGCGACACCAAATATTGTATAACTGCCCTTAATACATACG
chrIII	814	2640	ACCAAATGCACTCGCATCATTATGCACGGCACTTGCCTCAGCGGTCTATACC
chrIII	814	2640	ACCAAATGCACTCGCATCATTATGCACGGCACTTGCCTCAGCGGTCTATACC
chrIII	814	7530	ACCAAAGGCACTCTCATCATTAGGCACGGCACTTGCCTGAGCGGTCGATACCCTGTGCCATTTACGCATAAAGCCCATCATTATCAACTTTTTAATATCTATATCTCATTCGGCGACACCCAATATTGTATAACTGCCCTTAATACTTACG
chrIII	814	70	ACCAAATGCACTCGCATCATTATGCACGGCACTTGCCTCAGCGGTCTATACCCTGTGCCATTT-CGCATAACGCCCATCATTATCCACATTTTAATATCTATATCTCATTCGGCGACACCAAATATTGTATAACTGCCCTTAATACATACGT
chrIII	814	70	ACCAAATGCACTCGCATCATTATGCACGGCACTTGCCTCAGCGGTCTATACCCTGTGCCATTTACGCATAACGCCCATCATTATCCACATTTTAATATCTATATCTCATTCGGCGACACCAAATATTGTATAACTGCCCTTAATACATACG
chrIII	814	1410	ACCAAATGCACTCGCATCATTATGCACGGCACTTGCCTCAGCGGTCTATACCCTGTGCCATTTACGCATAACGCCCATCATTATCCACATTTTAATATCTATATCTCATTCGGCGACACCAAATATTGTATAACTGCCCTTAATACCTACG
chrIII	814	2640	ACCAAATGCACTCGCATCATTATGCACGGCACTTGCCTCAGCGGTCTATACCCTGTGCCATTTACGCATAACGCCCATCATTATCCACATTTTAATATCTATATCTCATTCGGCGACACCAAATATTGTATAACTGCCCTTAATACATACG
chrIII	814	7530	ACCAAATGCACTCGCATCATTATGCACGGCACTTGCCTCAGCGGTCTATACCCTGTGCCATTTACGCATAACGCCCATCATTATCCACATTTTAATATCTATATCTCATTCGGCGACACCAAATATTGTATAACTGCCCTTAATACATACG
chrIII	814	5150	ACCAAATGCACTCGCATCATTATGCACGGCACTTGCCTCAGCGGTCTATACCCTGTGCCATTTACGCATAACGCCCATCATTATCCACATTTTAATATCTATATCTCATTCGGCGACACCAAATATTGTATAACTGCCCTTAATACATAC
chrIII	815	70	CCAAATGCACTCGCATCATTATGCACGGCACTTGCCTCAGCGGTCTATACCCTGTGCCATTTACGCATAACGCCCATCATTATCCACATTTTAATATCTATATCTCATTCGGCGACACCAAATATTGTATAACTGCCCTTAATACATACGT
chrIII	815	10150	CCAAATGCACCCACATCATTATGCACGGCACTTGCCTCAGCGGTCTATACCCTGTGCCATTTACGCATAACGCCCATCATTATCCACATTTTAATATCTATATCTCATTCGGCGACACCAAATATTGTATAACTGCCCTTAATACATACGT
chrIII	815	1410	CCAAATGCACTCGCATCATTATGCACGGCACTTGCCTCAGCGGTCTATACCCTGTGCCATTTACACATAACGCCCATCATTATCCACATTTTAATATCTATATCTCATTCGGCGACACCAAATATTGTATAACTGCCCTTAATACATACGT
chrIII	815	70	CCAAATGCACTCGCATCATTATGCACGGCACTTGCCTCAGCGGTCTATACCCTGTGCCATTTACGCATAACGCCCATCATTATCCACATTTTAATATCTATATCTCATTCGGCGACACCAAATATTGTATAACTGCCCTTAATACATACGT
chrIII	816	70	CAAATGCACTCGCATCATTATGCACGGCACTTGCCTCAGCGGTCTATACCCTGTGCCATTTACGCATAACGCCCATCATTATCCACATTTTAATATCTATATCTCATTCGGCGACACCAAATATTGTATAACTGCCCTTAATACATACGTT
chrIII	816	7530	CAAATGCACCCACATCATTATGCACGGCACTTGCCTCAGCGGTCTATACCCTGTGCCATTTACGCATAACGCCCATCATTATCCACATTTTAATATCTATATCTCATTCGGCGACACCAAATATTGTATAACTGCCCTTAATACATACGTT
chrIII	816	7530	CAAATGCACTCGCATCATTATGCACGGCACTTGCCTCAGCGGTCTATACCCTGTGCCATTTACGCATAACGCCCATCATTATCCACATTTTAATATCTATATCTCATTCGGCGACACCAAATATTGTATAACTGCCCTTAATACATACGTT
chrIII	816	5150	CAAATGCACTCGCATCATTATGCACGGCACTTGCCTCAGCGGTCTATACCCTGTGCCATTTACGCATAACGCCCATCATTATCCACATTTTAATATCTATATCTCATTCGGCGACACCAAATATTGTATAACTGCCCTTAATACATACGTT
chrIII	816	70	CAAATGCACTCGCATCATTATGCACGGCACTTGCCTCAGCGGTCTATACCCTGTGCCATTTACGCATAACGCCCATCATTATCCACATTTTAATATCTATATCTCATTCGGCGACACCAAATATTGTATAACTGCCCTTAATACATACGTT
chrIII	816	7530	CAAATGCACCCACATCATTATGCACGGCACTTGCCTCAGCGGTCTATACCCTGTGCCATTTACGCATAACGCCCATCATTATCCACATTTTAATATCTATATCTCATTCGGCGACACCAAATATTGTATAACTGCCCTTAATACATACGTT
chrIII	818	5150	AATGCACCCACATCATTATGCACGGCACTTGCCTCAGCGGTCTATACCCTGTGCCATTTACGCATAACGCCCATCATTATCCACATTTTAATATCTATATCTCATTCGGCGACACCAAATATTGTATAACTGCCCTTAATACATACGTTAT
chrIII	820	2640	TGCACTCGCATCATTATGCACGGCACTTGCCTCAGCGGTCTATACCCTGTGCCATTTACGCATAACGCCCATCATTATCCACATTTTAATATCTATATCTCATTCGGCGACACCAAATATTGTATAACTGCCCTTAATACATACGTTATAC
chrIII	820	2640	TGCACTCTGATCATTATGCACGGCACTTGCCACAGCGGTCTATTCCCTGTGCCATTTACGCATATCGGCCATCATTATCCACCTTTTAATATCTATATCTCATTCGGCGTCACCAACTATTGTATAACTGGCCTTACTACCTACGTTATAC
chrIII	820	7530	TGCACCCACATCATTATGCACGGCACTTGCCTCAGCGGTCTATACCCTGTGCCATTTACGCATAACGCCCATCATTATCCACATTTTAATATCTATATCTCATTCGGCGACACCAAATATTGTATAACTGCCCTTAATACATACGTTATAC
chrIII	820	2640	(CCTCTCACACGATCAGTAGCACT)TGCACTCGCTTCATTATGCACGGCTCTTGACTCAGAGGTCTATACCCTGTGCGATTTTCGCATAACGCCCTTCATTATCCAGATTTTAATATCTCTTTCTCTTTCGGAGACTCCAAATATTGTA(GTTC)
chrIII	820	7530	TGCACTCGCATCATTATGCACGGCACTTGCCTCAGCGGTCTATACCCTGTGCCATTTACGCATAACGCCCATCATTATCCACATTTTAATATCTATATCTCATTCGGCGACACCAAATATTGTATAACTGCCCTTAATACATACGTTATAC
chrIII	821	70	GCACTCGCATCATTATGCACGGCACTTGCCTCAGCGGTCTATACCCTGTGCCATTTACGCATAACGCCCATCCTTATCCACATTTTAATATCTATATCTCATTCGGCGACACCAAATATTGTATAACTGCCCTTAATACATACGTTATAC
chrIII	821	5150	GCACTCGCATCATTATGCACGGCACTTGCCTCAGCGGTCTATACCCTGTGCCATTTACGCATAACGCCCATCATTATCCACATTTTAATATCTATATCTCATTCGGCGACACCAAATATTGTATAACTGCCCTTAATACATACGTTATACC
chrIII	821	1410	GCACTCGCATCATTATGCACGGCACTTGCCTCAGCGGTCTATACCCTGTGCCATTTACGCATAACGCCCATCATTATCCACATTTTAATATCTATATCTCATTCGGCGACACCAAATATTGTATAACTGCCCTTAATACATACGTTATACC
chrIII	821	2640	(GGATTCTGATCGTTCATACGCACACGGCTGCTCCAGAATAGACCATCTGACAGGGACCGTGCGTACATGTGCGACACCGTCACCCAACACTCTCGAGCCGCACCCACA)GCACTCGCGTCCTTATGCACGGCACTTGCCTCCTCGGT
chrIII	821	10150	GCACCCACATCATTATGCACGGCACTTGCCTCAGCGGTCTATACCCTGTGCCATTTACGCATAACGCCCATCATTATCCACATTTTAATATCTATATCTCATTCGGCGACACCAAATATTGTATAACTGCCCTTAATACATACGTTATACC
chrIII	821	5150	GCACCCACATCATTATGCACGGCACTTGCCTCAGCGGTCTATACCCTGTGCCATTTACGCATAACGCCCATCATTATCCACATTTTAATATCTATATCTCATTCGGCGACACCAAATATTGTATAACTGCCCTTAATACATACGTTATAC
chrIII	821	5150	GCACCCACATCATTATGCACGGCACTTGCCTCTGCGGTCTATACCCTGTGCCATTTACGCATAACGCCCATCATTATCCACATTTTAATATCTATATCTCATTCGGCGACACCAAATATTGTATAACTGCCCTTAATACATACGTTATAC
chrIII	821	1410	GCACTCGCATCATTATGCACGGCACTTGCCTCAGCGGTCTATACCCTGTGCCATTTACGCATAACGCCCATCATTATCCACATTTTAATATCTATATCTCATTCGGCGACACCAAATATTGTATAACTGCCCTTAATACATACGTTATAC
chrIII	822	2640	CACTCGCATCATTATGCACGGCACTTGCCTCAGCGGTCTATACCCTGTGCCATTTACGCATAACGCCCATCATTATCCACATTTTAATATCTATATCTCATTCGGCGACACCAAATATTGTATAACTGCCCTTAATACATACGTTATACC
chrIII	822	7530	CACCCACATCATTATGCACGGCACTTGCCTCAGCGGTCTATACCCTGTGCCATTTACGCATAACGCCCATCATTATCCACATTTTAATATCTATATCTCATTCGGCGACACCAAATATTGTATAACTGCCCTTAATACATACGTTATACC
chrIII	822	2640	CACTCACATCATTATGCACGGCACTTGCCTCAGCGGTCTATACCCTGTGCCATTTACGCATAACGCCCATCATTATCCACATTTTAATATCTATATCTCATTCGGCGACCCCAAATATTGTATAACTGCCCTTAATACATACGTTATACC
chrIII	822	2640	CACTCGCATCATTATGCACGGCACTTGCCTCAGCGGTCTATACCCTGTGCCATTTACGCATAACGCCCATCATTATCCACATTTTAATATCTATATCTCATTCGGCGACACCAAATATTGTATAACTGCCCTTAATACATACGTTATACCA
chrIII	822	7530	CACCCACATCATTATGCACGGCACTTGCCTCAGCGGTCTATACCCTGTGCCATTTACGCATAACGCCCATCATTATCCACATTTTAATATCTATATCTCATTCGGCGACACCAAAGATTGTATAACTGCCCTTAATACAGACGTTATACCA
chrIII	822	7530	CACCCACATCATTATGCACGGCACTTGCCTCAGCGGTCTATACCCTGTGCCATTTACGCATAACGCCCATCATTATCCACATTTTAATATCTATATCTCATTCGGCGACACCAAATATTGTATAACTGCCCTTAATACATACGTTATACC
chrIII	822	70	CACTCGCATCATTATGCACGGCACTTGCCTCAGCGGTCTATACCCTGTGCCATTTACGCATAACGCCCATCATTATCCACATTTTAATATCTATATCTCATTCGGCGACACCAAATATTGTATAACTGCCCTTAATACATACGTTATACC
chrIII	822	70	CACTCGCATCATTATGCACGGCACTTGCCTCAGCGGTCTATACCCTGTGCCATTTACGCATAACGCCCATCATTATCCACATTTTAATATCTATATCTCATTCGGCGACACCAAATATTGTATAACTGCCCTTAATACATACGTTATACC
chrIII	822	70	CACTCGCATCATTATGCACGGCACTTGCCTCAGCGGTCTATACCCTGTGCCATTTACGCATAACGCCCATCATTATCCACATTTTAATATCTATATCTCATTCGGCGACACCAAATATTGTATAACTGCCCTTAATACATACGTTATACC
chrIII	823	70	ACTCGCATCATTATGCACGGCACTTGCCTCAGCGGTCTATACCCTGTGCCATTTACGCATAACGCCCATCATTATCCACATTTTAATATCTATATCTCATTCGGCGACACCAAATATTGTATAACTGCCCTTAATACATACGTTATACCAC
chrIII	823	70	ACTCGCATCATTATGCACGGCACTTGCCTCAGCGGTCTATACCCTGTGCCATTTACGCATAACGCCCATCATTATCCACATTTTAATATCTATATCTCATTCGGCGACACCAAATATTGTATAACTGCCCTTAATACATACGTTATACCAC
chrIII	823	70	ACTCGCATCATTATGCACGGCACTTGCCTCAGCGGTCTATACCCTGTGCCATTTACGCATAACGCCCATCATTATCCACATTTTAATATCTATATCTCATTCGGCGACACCAAATATTGTATAACTGCCCTTAATACATACGTTATACCAC
chrIII	825	70	TCGCATCATTATGCACGGCACTTGCCTCAGCGGTCTATACCCTGTGCCATTTACGCATAACGCCCATCATTATCCACATTTTAATATCTATATCTCATTCGGCGACACCAAATATTGTATAACTGCCCTTAATACATACGTTATACCACTT
chrIII	825	70	TCGCATCATTATGCACGGCACTTGCCTCAGCGGTCTATACCCTGTGCCATTTACGCATAACGCCCATCATTATCCACATTTTAATATCTATATCTCATTCGGCGACACCAAATATTGTATAACTGCCCTTAATACATACGTTATACCACTT
chrIII	826	70	CGCATCATTATGCACGGCACTTGCCTCAGCGGTCTATACCCTGTGCCATTTACGCATAACGCCCATCATTATCCACATTTTAATATCTATATCTCATTCGGCGACACCAAATATTGTATAACTGCCCTTAATACATACGTTATACCACTTT
chrIII	826	70	CGCATCATTATGCACGGCACTTGCCTCAGCGGTCTATACCCTGTGCCATTTACGCATAACGCCCATCATTATCCACATTTTAATATCTATATCTCATTCGGCGACACCAAATATTGTATAACTGCCCTTAATACATACGTTATACCACTTT
chrIII	826	5150	CGCATCATTATGCACGGCACTTGCCTCAGCGGTCTATACCCTGTGCCATTTACGCATAACGCCCATCATTATCCACATTTTAATATCTATATCTCATTCGGCGACACCAAATATTGTATAACTGCCCTTAATACATACGTTATACCACTT
chrIII	826	10150	CACATCATTATGCACGGCACTTGCCTCAGCGGTCTATACCCTGTGCCATTTACGCATAACGCCCATCATTATCCACATTTTAATATCTATATCTCATTCGGCGACACCAAATATTGTATAACTGCCCTTAATACATACGTTATACCACTTT
chrIII	827	5150	GCATCATTATGCACGGCACTTGCCTCAGCGGTCTATACCCTGTGCCATTTACGCATAACGCCCATCATTATCCACATTTTAATATCTATATCTCATTCGGCGACACCAAATATTGTATAGCTGCCCTTAATACATACGTTATACCACTTTT
chrIII	79759	7530	GGTCTGCCCTATGAAGGATTTGCCAGCGACGTTTGGTCTTGCGGTGTAATCCTCTTTGCCCTTTTAACGGGTAGACTACCCTTCGATGAAGAAAACGGTAATGTTAGGGATTTGTTATTGAAAGTCCAAAAGGGCCAGTTTGAAATGCCCA
chrIII	79759	2640	GGTCTGCCCTATGAAGGATTTGCCAGCGACGTTTGGTCTTGCGGTGTAATCCTCTTTGCCCTTTTAACGGGTAGACTACCCTTCGATGAAGAAAACGGTAATGTTAGGGATTTGTTATTGAAAGTCCAAAAGGGCCAGTTTGAAATGCCCA
chrIII	79759	2640	GGTCTGCCCTATGAAGGATTTGCCAGCGACGTTTGGTCTTGCGGTGTAATCCTCTTTGCCCTTTTAACGGGTAGACTACCCTTCGATGAAGAAAACGGTAATGTTAGGGATTTGTTATTGAAAGTCCAAAAGGGCCAGTTTGAAATGCCCA
chrIII	79759	2640	GGTCTGCCCTATGAAGGATTTGCCAGCGACGTTTGGTCTTGCGGTGTAATCCTCTTTGCCCTTTTAACGGGTAGACTACCCTTCGATGAAGAAAACGGTAATGTTAGGTATTTGTTATTGAAAGTCCAAAAGGGCCAGTTTGAAATGCCCA
chrIII	79759	2640	GGTCTGCCCTATGAAGGATTTGCCAGCGACGTTTGGTCTTGCGGTGTAATCCTCTTTGCCCTTTTAACGGGTAGACTACCCTTCGATGAAGAAAACGGTAATGTTAGGGATTTGTTATTGAAAGTCCAAAAGGGCCAGTTTGAAATGCCCA
chrIII	79759	7530	GGTCTGCCCTATGAAGGATTTGCCAGCGACGTTTGGTCTTGCGGTGTAATCCTCTTTGCCCTTTTAACGGGTAGACTACCCTTCGATGAAGAAAACGGTAATGTTAGGGATTTGTTATTGAAAGTCCAAAAGGGCCAGTTTGAAATGCCCA
chrIII	79759	10150	GGTCTGCCCTATGAAGGATTTGCCAGCGACGTTTGGTCTTGCGGTGTAATCCTCTTTGCCCTTTTAACGGGTAGACTACCCTTCGATGAAGAAAACGGTAATGTTAGGGATTTGTTATTGAAAGTCCAAAAGGGCCAGTTTGAAATGCCC
chrIII	79759	70	GGTCTGCCCTATGAAGGATTTGCCAGCGACGTTTGGTCTTGCGGTGTAATCCTCTTTGCCCTTTTAACGGGTAGACTACCCTTCGATGAAGAAAACGGTAATGTTAGGGATTTGTTATTGAAAGTCCAAAAGGGCCAGTTTGAAATGCCCA
chrIII	79759	2640	GGTCTGCCCTATGAAGGATTTGCCAGCGACGTTTGGTCTTGCGGTGTAATCCTCTTTGCCCTTTTAACGGGTAGACTACCCTTCGATGAAGAAAACGGTAATGTTAGGGATTTGTTATTGAAAGTCCAAAAGGGCCAGTTTGAAATGCCCA
chrIII	79759	2640	GGTCTGCCCTATGAAGGATTTGCCAGCGACGTTTGGTCTTGCGGTGTAATCCTCTTTGCCCTTTTAACGGGTAGACTACCCTTCGATGAAGAAAACGGTAATGTTAGGGATTTGTTATTGAAAGTCCAAAAGGGCCAGTTTGAAATGCCCA
chrIII	79759	7530	GGTCTGCCCTATGAAGGATTTGCCAGCGACGTTTGGTCTTGCGGTGTAATCCTCTTTGCCCTTTTAACGGGTAGACTACCCTTCGATGAAGAAAACGGTAATGTTAGGGATTTGTTATTGAAAGTCCAAAAGGGCCAGTTTGAAATGCCCA
chrIII	79760	70	GTCTGCCCTATGAAGGATTTGCCAGCGACGTTTGGTCTTGCGGTGTAATCCTCTTTGCCCTTTTAACGGGTAGACTACCCTTCGATGAAGAAAACGGTAATGTTAGGGATTTGTTATTGAAAGTCCAAAAGGGCCAGTTTGAAATGCCC
chrIII	79763	70	TGCCCTATGAAGGATTTGCCAGCGACGTTTGGTCTTGCGGTGTAATCCTCTTTGCCCTTTTAACGGGTAGACTACCCTTCGATGAAGAAAACGGTAATGTTAGGGATTTGTTATTGAAAGTCCAAAAGGGCCAGTTTGAAATGCCCAATGA
chrIII	79764	10150	GCCCTATGAAGGATTTGCCAGCGACGTTTGGTCTTGCGGTGTAATCCTCTTTGCCCTTTTAACGGGTAGACTACCCTTCGATGAAGAAAACGGTAATGTTAGGGATTTGTTATTGAAAGTCCAAAAGGGCCAGTTTGAAATGCCCAATGAC
chrIII	79764	5150	GCCCTATGAAGGATTTGCCAGCGACGTTTGGTCTTGCGGTGTAATCCTCTTTGCCCTTTTAACGGGTAGACTACCATTCGATGAAGAAAACGGTAATGTTAGGGATTTGTTATTGAAAGTCCAAAAGGGCCAGTTTGAAATGCCCAATGA
chrIII	79765	70	CCCTATGAAGGATTTGCCAGCGACGTTTGGTCTTGCGGTGTAATCCTCTTTGCCCTTTTAACGGGTAGACTACCCTTCGATGAAGAAAACGGTAATGTTAGGGATTTGTTATTGAAAGTCCAAAAGGGCCAGTTTGAAATGCCCAATGAC
chrIII	79765	70	CCCTATGAAGGATTTGCCAGCGACGTTTGGTCTTGCGGTGTAATCCTCTTTGCCCTTTTAACGGGTAGACTACCCTTCGATGAAGAAAACGGTAATGTTAGGGATTTGTTATTGAAAGTCCAAAAGGGCCAGTTTGAAATGCCCAATGAC
chrIII	79766	70	CCTATGAAGGATTTGCCAGCGACGTTTGGTCTTGCGGTGTAATCCTCTTTGCCCTTTTAACGGGTAGACTACCCTTCGATGAAGAAAACGGTAATGTTAGGGATTTGTTATTGAAAGTCCAAAAGGGCCAGTTTGAAATGCCCAATGACA
chrIII	79767	7530	CTATGAAGGATTTGCCAGCGACGTTTGGTCTTGCGGTGTAATCCTCTTTGCCCTTTTAACGGGTAGACTACCCTTCGATGAAGAAAACGGTAATGTTAGGGATTTGTTATTGAAAGTCCAAAAGGGCCAGTTTGAAATTCCCAATGACAC
chrIII	79767	70	CTATGAAGGATTTGCCAGCGACGTTTGGTCTTGCGGTGTAATCCTCTTTGCCCTTTTAACGGGTAGACTACCCTTCGATGAAGAAAACGGTAATGTTAGGGATTTGTTATTGAAAGTCCAAAAGGGCCAGTTTGAAATGCCCAATGACAC
chrIII	79767	70	CTATGAAGGATTTGCCAGCGACGTTTGGTCTTGCGGTGTAATCCTCTTTGCCCTTTTAACGGGTAGACTACCCTTCGATGAAGAAAACGGTAATGTTAGGGATTTGTTATTGAAAGTCCAAAAGGGCCAGTTTGAAATGCCCAATGACAC
chrIII	79769	1410	ATGAAGGATTTGCCAGCGACGTTTGGTCTTGCGGTGTAATCCTCTTTGCCCTTTTAACGGGTAGACTACCCTTCGATGAAGAAAACGGTAATGTTAGGGATTTGTTATTGAAAGTCCAAAAGGGCCAGTTTGAAATGCCCAATGACACCG
chrIII	79769	70	ATGAAGGATTTGCCAGCGACGTTTGGTCTTGCGGTGTAATCCTCTTTGCCCTTTTAACGGGTAGACTACCCTTCGATGAAGAAAACGGTAATGTTAGGGATTTGTTATTGAAAGTCCAAAAGGGCCAGTTTGAAATGCCCAATGACACCGA
chrIII	79769	7530	ATGAAGGATTTGCCAGCGACGTTTGGTCTTGCGGTGTAATCCTCTTTGCCCTTTTAACGGGTAGACTACCCTTCGATGAAGAAAACGGTAATGTTAGGGATTTGTTATTGAAAGTCCAAAAGGGCCAGTTTGAAATTCCCAATGACACCGA
chrIII	79769	2640	ATGAAGGATTTGCCAGCGACGTTTGGTCTTGCGGTGTAATCCTCTTTGCCCTTTTAACGGGTAGACTACCCTTCGATGAAGAAAACGGTAATGTTAGGGATTTGTTATTGAAAGTCCAAAAGGGCCAGTTTGAAATGCCCAATGACACCGA
chrIII	79769	7530	ATGAAGGATTTGCCAGCGACGTTTGGTCTTGCGGTGTAATCCTCTTTGCCCTTTTAACGGGTAGACTACCCTTCGATGAAGAAAACGGTAATGTTAGGGATTTGTTATTGAAAGTCCAAAAGGGCCAGTTTGAAATTCCCAATGACACCGA
chrIII	79769	5150	ATGAAGGATTTGCCAGCGACGTTTGGTCTTGCGGTGTAATCCTCTTTGCCCTTTTAACGGGTATACTACCCTTCGATGAAGAAAACGGTAATGTTAGGGATTTGTTATTGAAAGTCCAAAAGGGCCAGTTTGAAATTCCCAATGACACCG
chrIII	79769	2640	ATGAAGGATTTGCCAGCGACGTTTGGTCTTGCGGTGTAATCCTCTTTGCCCTTTTAACGGGTAGACTACCCTTCGATGAAGAAAACGGTAATGTTAGGGATTTGTTATTGAAAGTCCAAAAGGGCCAGTTTGAAATGCCCAATGACACCGA
chrIII	79771	1410	GAAGGATTTGCCAGCGACGTTTGGTCTTGCGGTGTAATCCTCTTTGCCCTTTTAACGGGTAGACTACCCTTCGATGAAGAAAACGGTAATGTTAGGGATTTGTTATTGAAAGTCCAAAAGGGCCAGTTTGAAATGCCCAATGACACCGAA
chrIII	79774	2640	GGATTTGCCAGCGACGTTTGGTCTTGCGGTGTAATCCTCTTTGCCCTTTTAACGGGTAGACTACCCTTCGATGAAGAAAACGGTAATGTTAGGGATTTGTTATTGAAAGTCCAAAAGGGCCAGTTTGAAATGCCCAATGACACCGAAATTT
chrIII	79778	70	TTGCCAGCGACGTTTGGTCTTGCGGTGTAATCCTCTTTGCCCTTTTAACGGGTAGACTACCCTTCGATGAAGAAAACGGTAATGTTAGGGATTTGTTATTGAAAGTCCAAAAGGGCCAGTTTGAAATGCCCAATGACACCGAAATTTCCAG
chrIII	79778	2640	TTGCCAGCGACGTTTGGTCTTGCGGTGTAATCCTCTTTGCCCTTTTAACGGGTAGACTACCCTTCGATGAAGAAAACGGTAATGTTAGGGATTTGTTATTGAAAGTCCAAAAGGGCCAGTTTGAAATGCCCAATGACACCGAAATTTCCAG
chrIII	79778	70	TTGCCAGCGACGTTTGGTCTTGCGGTGTAATCCTCTTTGCCCTTTTAACGGGTAGACTACCCTTCGATGAAGAAAACGGTAATGTTAGGGATTTGTTATTGAAAGTCCAAAAGGGCCAGTTTGAAATGCCCAATGACACCGAAATTTCCAG
chrIII	79779	1410	TGCCAGCGACGTTTGGTCTTGCGGTGTAATCCTCTTTGCCCTTTTAACGGGTAGACTACCCTTCGATGAAGAAAACGGTAATGTTAGGGATTTGTTATTGAAAGTCCAAAAGGGCCAGTTTGAAATGCCCAATGACACCGAAATTTCCAG
chrIII	79779	5150	TGCCAGCGACGTTTGGTCTTGCGGTGTAATCCTCTTTGCCCTTTTAACGGGTAGACTACCCTTCGATGAAGAAAACGGTAATGTTAGGGATTTGTTATTGAAAGTTCAAAAGGGCCAGTTTGAAATGCCCAATGACACCGAAATTTCC
chrIII	79779	5150	TGCCAGCGACGTTTGGTCTTGCGGTGTAATCCTCTTTGCCCTTTTAACGGGTAGACTACCCTTCGATGAAGAAAACGGTAATGTTAGGGATTTGTTATTGAAAGTCCAAAAGGGCCAGTTTGAAATTCCCAATGACACCGAAATTTCCAG
chrIII	79781	2640	CCAGCGACGTTTGGTCTTGCGGTGTAATCCTCTTTGCCCTTTTAACGGGTAGACTACCCTTCGATGAAGAAAACGGTAATGTTAGGGATTTGTTATTGAAAGTCCAAAAGGGCCAGTTTGAAATGCCCAATGACACCGAAATTTCCAGAGA
chrIII	79781	5150	CCAGCGACGTTTGGTCTTGCGGTGTAATCCTCTTTGCCCTTTTAACGGGTAGACTACCCTTCGATGAAGAAAACGGTAATGTTAGGGATTTGTTATTGAAAGTCCAAACGGGCCAGTTTGAAATTCCCAATGACACCGAAATTTCCAGAGA
chrIII	79781	2640	CCAGCGACGTTTGGTCTTGCGGTGTAATCCTCTTTGCCCTTTTAACGGGTAGACTACCCTTCGATGAAGAAAACGGTAATGTTAGGGATTTGTTATTGAAAGTCCAAAAGGGCCAGTTTGAAATGCCCAATGACACCGAAATTTCCAGAGA
chrIII	79781	7530	CCAGCGACGTTTGGTCTTGCGGTGTAATCCTCTTTGCCCTTTTAACGGGTAGACTACCCTTCGATGAAGAAAACGGTAATGTTAGGGATTTGTTATTGAAAGTCCAAAAGGGCCAGTTTGAAATTCCCAATGACACCGAAATTTCCAGAGA
chrIII	79781	2640	CCAGCGACGTTTGGTCTTGCGGTGTAATCCTCTTTGCCCTTTTAACGGGTAGACTACCCTTCGATGAAGAAAACGGTAATGTTAGGGATTTGTTATTGAAAGTCCAAAAGGGCCAGTTTGAAATGCCCAATGACACCGAAATTTCCAGAG
chrIII	79781	5150	CCAGCGACGTTTGGTCTTGCGGTGTAATCCTCTTTGCCCTTTTAACGGGTAGACTACCCTTCGATGAAGAAAACGGTAATGTTAGGGATTTGTTATTGAAAGTCCAAAAGGGCCAGTTTGAAATTCCCAATGACACCGAAATTTCCAGAGA
chrIII	79781	2640	CCAGCGACGTTTGGTCTTGCGGTGTAATCCTCTTTGCCCTTTTAACGGGTAGACTACCCTTCGATGAAGAAAACGGTAATGTTAGGGATTTGTTATTGAAAGTCCAAAAGGGCCAGTTTGAAATGCCCAATGACACCGAAATTTCCAGAG
chrIII	79784	70	GCGACGTTTGGTCTTGCGGTGTAATCCTCTTTGCCCTTTTAACGGGTAGACTACCCTTCGATGAAGAAAACGGTAATGTTAGGGATTTGTTATTGAAAGTCCAAAAGGGCCAGTTTGAAATGCCCAATGACACCGAAATTTCCAGAGATG
chrIII	79786	1410	GACGTTTGGTCTTGCGGTGTAATCCTCTTTGCCCTTTTAACGGGTAGACTACCCTTCGATGAAGAAAACGGTAATGTTAGGGATTTGTTATTGAAAGTCCAAAAGGGCCAGTTTGAAATGCCCAATGACCCCGAAATTTCCAGAGATGCAC
chrIII	79787	5150	ACGTTTGGTCTTGCGGTGTAATCCTCTTTGCCCTTTTAACGGGTAGACTACCCTTCGATGAAGAAAACGGTAATGTTAGGGATTTGTTATTGAAAGTCCAAAAGGGCCAGTTTGAAATTCCCAATGACACCGAAATTTCCAGAGATGCAC
chrIII	79787	7530	ACGTTTGGTCTTGCGGTGTAATCCTCTTTGCCCTTTTAACGGGTAGACTACCCTTCGATGAAGAAAACGGTAATGTTAGGGATTTGTTATTGAAAGTCCAAAAGGGCCAGTTTGAAATTCCCAATGACACCGAAATTTCCAGAGATGCACA
chrIII	79788	7530	CGTTTGGTCTTGCGGTGTAATCCTCTTTGCCCTTTTAACGGGTAGACTACCCTTCGATGAAGAAAACGGTAATGTTAGGGATTTGTTATTGAAAGTCCAAAAGGGCCAGTTTGAAATGCCCAATGACACCGAAATTTCCAGAGATGCACAA
chrIII	79789	2640	GTTTGGTCTTGCGGTGTAATCCTCTTTGCCCTTTTAACGGGTAGACTACCCTTCGATGAAGAAAACGGTAATGTTAGGGATTTGTTATTGAAAGTCCAAAAGGGCCAGTTTGAAATGCCCAATGACACCGAAATTTCCAGAGATGCACAAG
chrIII	79789	2640	GTTTGGTCTTGCGGTGTAATCCTCTTTGCCCTTTTAACGGGTAGACTACCCTTCGATGAAGAAAACGGTAATGTTAGGGATTTGTTATTGAAAGTCCAAAAGGGCCAGTTTGAAATGCCCAATGACACCGAAATTTCCAGAGATGCACAAG
chrIII	79790	70	TTTGGTCTTGCGGTGTAATCCTCTTTGCCCTTTTAACGGGTAGACTACCCTTCGATGAAGAAAACGGTAATGTTAGGGATTTGTTATTGAAAGTCCAAAAGGGCCAGTTTGAAATGCCCAATGACACCGAAATTTCCAGAGATGCACAA
chrIII	79791	70	TTGGTCTTGCGGTGTAATCCTCTTTGCCCTTTTAACGGGTAGACTACCCTTCGATGAAGAAAACGGTAATGTTAGGGATTTGTTATTGAAAGTCCAAAAGGGCCAGTTTGAAATGCCCAATGACACCGAAATTTCCAGAGATGCACAAGAT
chrIII	79794	70	GTCTTGCGGTGTAATCCTCTTTGCCCTTTTAACGGGTAGACTACCCTTCGATGAAGAAAACGGTAATGTTAGGGATTTGTTATTGAAAGTCCAAAAGGGCCAGTTTGAAATGCCCAATGACACCGAAATTTCCAGAGATGCACAAGATTTA
chrIII	79794	70	GTCTTGAGGTGTAATCCTCTTTGCCGTTATAACGGGTAGACTACCCTTCGATGAAGAAAACGGTAATGTTAGGGATTTGATATTGAAAGTCCAAAAGGGCCAGTTTGAAATGCCCAATGACACCGACATTTCCAGAGATGCACAAGATTTA
chrIII	79794	1410	GTCTTGCGGTGTAATCCTCTTTGCCCTTTAAACGGGTAGACTACCCTTCGATGAAGAAAACGGTAATGTTAGGGATTTGTTATTGAAAGTCCAAAAGGGCCAGTTTGAAATGCCCAATGACACCGAAATTTCCAGAGATGCACAAGATTT
chrIII	79794	7530	GTCTTGCGGTGTAATCCTCTTTGCCCTTTTAACGGGTAGACTACCCTTCGATGAAGAAAACGGTAATGTTAGGGATTTGTTATTGAAAGTCCAAAAGGGCCAGTTTGAAATTCCCAATGACACCGAAATTTCCAGAGATGCACAAGATTTA
chrIII	79795	2640	TCTTGCGGTGTAATCCTCTTTGCCCTTTTAACGGGTAGACTACCCTTCGATGAAGAAAACGGTAATGTTAGGGATTTGTTATTGAAAGTCCAAAAGGGCCAGTTTGAAATGCCCAATGACACCGAAATTTCCAGAGATGCACAAGATTTAA
chrIII	79796	7530	CTTGCGGTGTAATCCTCTTTGCCCTTTTAACGGGTAGACTACCCTTCGATGAAGAAAACGGTAATGTTAGGGATTTGTTATTGAAAGTCCAAAAGGGCCAGTTTGAAATTCCCAATGACACCGAAATTTCCAGAGATGCACAAGATTTAAT
chrIII	79796	7530	CTTGCGGTGTAATCCTCTTTGCCCTTTTAACGGGTAGACTACCCTTCGATGAAGAAAACGGTAATGTTAGGGATTTGTTATTGAAAGTCCAAAAGGGCCAGTTTGAAAGTCCCAATGACACCGAAATTTCCAGAGATGCACAAGATTTAAT
chrIII	79796	7530	CTTGCGGTGTAATCCTCTTTGCCCTTTTAACGGGTAGACTACCCTTCGATGAAGAAAACGGTAATGTTAGGGATTTGTTATTGAAAGTCCAAAAGGGCCAGTTTGAAATGCCCAATGACACCGAAATTTCCAGAGATGCACAAGATTTAAT
chrIII	79796	2640	CTTGCGGTGTAATCCTCTTTGCCCTTTTAACGGGTAGACTACCCTTCGATGAAGAAAACGGTAATGTTAGGGATTTGTTATTGAAAGTCCAAAAGGGCCAGTTTGAAATGCCCAATGACACCGAAATTTCCAGAGATGCACAAGATTTAAT
chrIII	79796	2640	CTTGCGGTGTAATCCTCTTTGCCCTTTTAACGGGTAGACTACCCTTCGAGGAAGAAAACGGTAATGTTAGGGATTTGTTATTGAAAGTCCAAAAGGGCCAGTTTGAAATGCCCAATGACACCGAAATTTCCAGAGATGCACAAGATTTAAT
chrIII	79796	2640	CTTGCGGTGTAATCCTCTTTGCCCTTTTAACGGGTAGACTACCCTTCGATGAAGAAAACGGTAATGTTAGGGATTTGTTATTGAAAGTCCAAAAGGGCCAGTTTGAAATGCCCAATGACACCGAAATTTCCAGAGATGCACAAGATTTAAT
chrIII	79796	70	CTTGCGGTGTAATCCTCTTTGCCCTTTGAACGGGTAGACTACCCTTCGATGAAGAAAACGGTAATGTTAGGGATTTGTTATTGAAAGTCCAAAAGGGCCAGTTTGAAATGCCCAATGACACCGAAATTTCCAGAGATGCACAAGATTTAAT
chrIII	79796	70	CTTGCGGTGTAATCCTCTTTGCCCTTTTAACGGGTAGACTACCCTTCGATGAAGAAAACGGTAATGTTAGGGATTTGTTATTGAAAGTCCAAAAGGGCCAGTTTGAAATGCCCAATGACACCGAAATTTCCAGAGATGCACAAGATTTAAT
chrIII	79797	2640	TTGCGGTGTAATCCTCTTTGCCCTTTTAACGGGTAGACTACCCTTCGATGAAGAAAACGGTAATGTTAGGGATTTGTTATTGAAAGTCCAAAAGGGCCAGTTTGAAATGCCCAATGACACCGAAATTTCCAGAGATGCACAAGATTTAATC
chrIII	79797	2640	TTGCGGTGTAATCCTCTTTGCCCTTTTAACGGGTAGACTACCCTTCGATGAAGAAAACGGTATTGTTAGGGATTTGTTATTGAAAGTCCAAAAGGGCCAGTTTGAAATGCCCAATGACACCGAAATTTCCAGAGATGCACAAGATTTAATC
chrIII	79797	70	TTGCGGTGTAATCCTCTTTGCCCTTTTAACGGGTAGACTACCCTTCGATGAAGAAAACGGTAATGTTAGGGATTTGTTATTGAAAGTCCAAAAGGGCCAGTTTGAAATGCCCAATGACACCGAAATTTCCAGAGATGCACAAGATTTAATC
chrIII	79797	1410	(GTATGATTTTCCTGCGTTGTTTTGTG)TTGCGGTGTTATACTCTTTTACCTTTTAACGGGTAGACTACGCTTCGATTAAGAAAACGGTTATTTTAGGGATTTGTTATTGAAAGTCCAAAAGGTCCAGTTTGTAATGCCCAATGACACCGAAA
chrIII	79798	1410	TGCGGTGTAATCCTCTTTGCCCTTTTAACGGGTAGACTACCCTTCGATGAAGAAAACGGTAATGTTAGGGATTTGTTATTGAAAGTCCAAAAGGGCCAGTTTGAAATGCCCAATGACACCGAAATTTCCAGAGATGCACAAGATTTAATC
chrIII	79798	5150	TGCGGTGTAATCCTCTTTGCCCTTTTAACGGGTAGACTACCCTTCGATGAAGAAAACGGTAATGTTAGGGATTTGTTATTGAAAGTCCAAAAGGGCCAGTTTGAAATTCCCAATGACACCGAAATTTCCAGAGATGCACAAGATTTAATC
chrIII	79802	70	GTGTAATCCTCTTTGCCCTTTTAACGGGTAGACTACCCTTCGATGAAGAAAACGGTAATGTTAGGGATTTGTTATTGAAAGTCCAAAAGGGCCAGTTTGAAATGCCCAATGACACCGAAATTTCCAGAGATGCACAAGATTTAATCGGCAA
chrIII	79802	7530	GTGTAATCCTCTTTGCCCTTTTAACGGGTAGACTACCCTTCGATGAAGAAAACGGTAATGTTAGGGATTTGTTATTGAAAGTCCAAAAGGGCCAGTTTGAAATTCCCAATGACACCGAAATTTCCAGAGATGCACAAGATTTAATCGGCAA
chrIII	79802	7530	GTGTAATCCTCTTTGCCCTTTTAACGGGTAGACTACCCTTCGATGAAGAAAACGGTAATGTTAGGGATTTGTTATTGAAAGTCCAAAAGGGCCAGTTTGAAATTCCCAATGACACCGAAATTTCCAGAGATGCACAAGATTTAATCGGCAA
chrIII	79802	10150	GTGTAATCCTCTTTGCCCTTTTAACGGGTAGACTACCCTTCGATGAAGAAAACGGTAATGTTAGGGATTTGTTATTGAAAGTCCAAAAGGGCCAGTTTGAAATTCCCAATGACACCGAAATTTCCAGAGATGCACAAGATTTAATCGGCA
chrIII	79802	1410	GTGTAATCCTCTTTGCCCTTTTAACGGGTAGACTACCCTTCGATGAAGAAAACGGTAATGTTAGGGATTTGTTATTGAAAGTCCAAAAGGGCCAGTTTGAAATGCCCAATGACACCGAAATTTCCAGAGATGCACAAGATTTAATCGGCA
chrIII	79802	1410	GTGTAATCCTCTTTGCCCTTTTAACGGGTAGACTACCCTTCGATGAAGAAAACGGTAATGTTAGGGATTTGTTATTGAAAGTCCAAAAGGGCCAGTTTGAAATGCCCAATGACACCGAAATTTCCAGAGATGCACAAGATTTAATCGGCA
chrIII	79802	70	GTGTAATCCTCTTTGCCCTTTTAACGGGTAGACTACCCTTCGATGAAGAAAACGGTACTGTTAGGGATTTGTTATTGAAAGTCCAAAAGGGCCAGTTTGAAATGCCCAATGACACCGAAATTTCCAGAGATGCACAAGATTTAATCGGCAA
chrIII	79802	2640	GTGTAATCCTCTTTGCCCTTTTAACGGGTAGACTACCCTTCGATGAAGAAAACGGTAATGTTAGGGATTTGTTATTGAAAGTCCAAAAGGGCCAGTTTGAAATGCCCAATGACACCGAAATTTCCAGAGATGCACAAGATTTAATCGGCAA
chrIII	79804	2640	GTAATCCTCTTTGCCCTTTTAACGGGTAGACTACCCTTCGATGAAGAAAACGGTAATGTTAGGGATTTGTTATTGAAAGTCCAAAAGGGCCAGTTTGAAATGCCCAATGA
chrIII	79804	7530	GTAATCCTCTTTGCCCTTTTAACGGGTAGACTACCCTTCGATGAAGAAAACGGTAATGTTAGGGATTTGTTATTGAAAGTCCAAAAGGGCCAGTTTGAAATTCCCAATGACACCGAAATTTCCAGAGATGCACAAGATTTAATCGGCAAGA
chrIII	79804	5150	GTAATCCTCTTTGCCCTTTTAACGGGTAGACTACCCTTCGATGAAGAAAACGGTAATGTTAGGGATTTGTTATTGAAAGTCCAAAAGGGCCAGTTTGAAATTCCCAATGACACCGAAATTTCCAGAGATGCACAAGATTTAATCGGCA
chrIII	79804	70	GTAATCCTCTTTGCCCTTTTAACGGGTAGACTACCCTTCGATGAAGAAAACGGTAATGTTAGGGATTTGTTATTGAAAGTCCAAAAGGGCCAGTTTGAAATGCCCAATGACACCGAAATTTCCAGAGATGCACAAGATTTAATCGGCAAGA
chrIII	79804	2640	GTAATCCTCTTTGCCCTTTTAACGGGTAGACTACCCTTCGATGAAGAAAACGGTAATGTTAGGGATTTGTTATTGAAAGTCCAAAAGGGCCAGTTTGAAATGCCCAATGA
chrIII	79804	2640	GTAATCCTCTTTGCCCTTTTAACGGGTAGACTACCCTTCGATGAAGAAAACGGTAATGTTAGGGATTTGTTATTGAAAGTCCAAAAGGGCCAGTTTGAAATGCCCAATGACACCGAAATTTCCAGAGATGCACAAGATTTAATCGGCAAGA
chrIII	79804	2640	GTAATCCTCTTTGCCCTTTTAACGGGTAGACTACCCTTCGATGAAGAAAACGGTAATGTTAGGGATTTGTTATTGAAAGTCCAAAAGGGCCAGTTTGAAATGCCCAATGACACCGAAATTTCCAGAGATGCACAAGATTTAATCGGCAAGA
chrIII	79804	10150	GTAATCCTCTTTGCCATTTTAACGGGTAGACTACCCTTCGATGAAGAAAACGGTAATGTTAGGGATTTGTTATTGAAAGTCCAAAAGGGCCAGTTTGAAATTCCCAATGCCACCGAAATTTCCAGAGATGCACAAGATTTAATCGGCA
chrIII	79804	70	GTAATCCTCTTTGCCCTTTTAACGGGTAGACTACCCTTCGATGAAGAAAACGGTAATGTTAGGGATTTGTTATTGAAAGTCCAAAAGGGCCAGTTTGAAATGCCCAATGACACCGAAATTTCCAGAGATGCACAAGATTTAATCGGCAAGA
chrIII	79805	70	TAATCCTCTTTGCCCTTTTAACGGGTAGACTACCCTTCGATGAAGAAAACGGTAATGTTAGGGATTTGTTATTGAAAGTCCAAAAGGGCCAGTTTGAAATGCCCAATGACACCGAAATTTCCAGAGATGCACAAGATTTAATCGGCAAGAT
chrIII	79808	70	(TTCGACATTCGGTGAAC)TCCTCTTTGCCCTTTTAAAGGGTAGACTACCCTTCGATCTAGATAACGGTAATGTTATGGATTTGTTATTGAAAGTCCATTTGGGCCTGTTTGAAATGGCCTTTGACACGGAAATTTCCTGAGATTCACAAGCT
chrIII	79809	2640	CCTCTTTGCCCTTTTAACGGGTAGACTACCCTTCGATGAAGAAAACGGTAATGTTAGGGATTTGTTATTGAAAGTCCAAAAGGGCCAGTTTGAAATGCCCAATGACACCGAAATTTCCAGAGATGCACAAGATTTAATCGGCAAGATTCT
chrIII	79810	70	CTCTTTGCCCTTTTAACGGGTAGACTACCCTTCGATGAAGAAAACGGTAATGTTAGGGATTTGTTATTGAAAGTCCAAAAGGGCCAGTTTGAAATGCCCAATGACACCGAAATTTCCAGAGATGCACAAGATTTAATCGGCAAGATTCTCG
chrIII	79810	7530	CTCTTTGCCCTTTTAACGGGTAGACTACCCTTCGATGAAGAAAACGGTAATGTTAGGGATTTGTTATTGAAAGTCCAAAAGGGCCAGTTTGAAATGCCCAATGACACCGAAATTTCCAGAGATGCACAAGAGTTAATCGGCAAGATTCTCG
chrIII	79811	1410	TCTTTGCCCTTTTAACGGGTAGACTACCCTTCGATGAAGAAAACGGTAATGTTAGGGATTTGTTATTGAAAGTCCAAAAGGGCCAGTTTGAAATGCCCAATGACACCGAAATTTCCAGAGATGCACAAGATTTAATCGGCAAGATTCTCGT
chrIII	79811	2640	TCTTTGCCCTTTTAACGGGTAGACTACCCTTCGATGAAGAAAACGGTAATGTTAGGGATTTGTTATTGAAAGTCCAAAAGGGCCAGTTTGAAATGCCCAATGACACCGAAATTTCCAGAGATGCACAAGATTTAATCGGCAAGATTCTCGT
chrIII	79812	7530	ATTTGCCCTTTTAACGGGTAGACTACCCTTCGATGAAGAAAACGGTAATGTTAGGGATTTGTTATTGAAAGTCCACAAGGGCCAGTTTGAAATGCCCAATGACACCGAAATTTCCAGAGATGCACAAGATTTAATCGGCAAGATTCTCGTT
chrIII	79814	1410	TTGCCCTTTTAACGGGTAGACTACCCTTCGATGAAGAAAACGGTAATGTTAGGGATTTGTTATTGAAAGTCCAAAAGGGCCAGTTTGAAATGCCCAATGACACCGAAATTTCCAGAGATGCACAAGATTTAATCGGCAAGATTCTCGTTG
chrIII	79816	5150	GCCCTTTTAACGGGTAGACTACCCTTCGATGAAGAAAACGGTAATGTTAGGGATTTGTTATTGAAAGTCCAAAAGGGCCAGTTTGAAATCCCCAATGACACCGAAATTTCCAGAGATGCACAAGATTTAATCGGCAAGATTCTCGTTGTAG
chrIII	79817	2640	CCCTTTTAACGGGTAGACTACCCTTCGAAGAAGAAAACGGTAATGTTAGGGATTTGTTATTGAAAGTCCAAAAGGGCCAGTTTGAAATGCCCAATGACACCGAAATTTCCAGAGATGCACAAGATTTAATCGGCAAGATTCTCGTTGTAG
chrIII	79817	2640	CCCTTTTAACGGGTAGACTACCCTTCGATGAAGAAAACGGTAATGTTAGGGATTTGTTAGTGAAAGTCCAAAAGGGCCAGTTTGAAAGGCCCAATGACACCGAAATTTCCAGAGATGCACAAGATTTAATCGGCAAGATTCTCGTTGTAG
chrIII	79817	7530	CCCTTTTAACGGGTAGACTACCCTTCGATGAAGAAAACGGTAATGTTAGGGATTTGTTATTGAAAGTCCAAAAGGGCCAGTTTGAAATGCCCAATGACACCGAAATTTCCAGAGATGCACAAGATTTAATCGGCAAGATTCTCGTTGTAG
chrIII	79818	70	CCTTTTAACGGGTAGACTACCCTTCGATGAAGAAAACGGTAATGTTAGGGATTTGTTATTGAAAGTCCAAAAGGGCCAGTTTGAAATGCCCAATGACACCGAAATTTCCAGAGATGCACAAGATTTAATCGGCAAGATTCTCGTTGTAGAT
chrIII	79818	70	CCTTTTAACGGGTAGACTACCCTTCGATGAAGAAAACGGTAATGTTAGGGATTTGTTATTGAAAGTCCAAAAGGGCCAGTTTGAAATGCCCAATGACACCGAAATTTCCAGAGATGCACAAGATTTAATCGGCAAGATTCTCGTTGTAGAT
chrIII	79819	2640	CTTTTAACGGGTAGACTACCCTTCGATGAAGAAAACGGTAATGTTAGGGATTTGTTATTGAAAGTCCAAAAGGGCCAGTTTGAAATGCCCAATGACACCGAAATTTCCAGAGATGCACAAGATTTAATCGGCAAGATTCTCGTTGTAGAT
chrIII	79819	7530	CTTTTAACGGGTAGACTACCCTTCGATGAAGAAAACGGTAATGTTAGGGATTTGTTATTGAAAGTCCAAAAGGGCCAGTTTGAAATGCCCAATGACACCGAAATTTCCAGAGATGCACAAGATTTAATCGGCAAGATTCTCGTTGTAGAT
chrIII	79819	70	CTTTTAACGGGTAGACTACCCTTCGATGAAGAAAACGGTAATGTTAGGGATTTGTTATTGAAAGTCCAAAAGGGCCAGTTTGAAATGCCCAATGACACCGAAATTTCCAGAGATGCACAAGATTTAATCGGCAAGATTCTCGTTGTAGAT
chrIII	79819	5150	CTTTTAACGGGTAGACTACCCTTCGATGAAGAAAACGGTAATGTTAGGGATTTGTTATTGAAAGTCCAAAAGGGCCAGTTTGAAATTCCCAATGACACCGAAATTTCCAGAGATGCACAAGATTTAATCGGCAAGATTCTCGTTGT
chrIII	79819	2640	CTTTTAACGGGTTGACTCGCCTTCGATGAAGAAATCGGTTATGTGCGGGTTTTGTGTTTGTATGTCCTCAAGGGCCAGTCTGAAAAGCCCTATGACACCGAAATTTGCAGAGTTGCTCATGCTTTACTCGGCAAGATTCTCGTTGT(TTATC)
chrIII	79819	70	CTTTTAACGGGTAGACTACCCTTCGATGAAGAAAACGGTAATGTTAGGGATTTGTTATTGAAAGTCCAAAAGGGCCAGTTTGAAATGCCCAATGACACCGAAATTTCCAGAGATGCACAAGATTTAATCGGCAAGATTCTCGTTGTAGAT
chrIII	79820	5150	TTTTAACGGGTAGACTACCCTTCGATGAAGAAAACGGTAATGTTAGGGATTTGTTATTGAAAGTCCAAAAGGGCCAGTTTGAAATTCCCAATGACACCGAAATTTCCAGAGATGCACAAGATTTAATCGGCAAGATTCTCGTTGTAGATCC
chrIII	79821	5150	TTTAACGGGTAGACTACCCTTCGATGAAGAAAACGGTAATGTTAGGGATTTGTTATTGAAAGTCCAAAAGGGCCAGTTTGAAATGCCCAATGACACCGAAATTTCCAGAGATGCACAAGATTTAATCGGCAAGATTCTCGTTGTAGATC
chrIII	79821	7530	TTTAACGGGTAGACTACCCTTCGATGAAGAAAACGGTAATGTTAGGGATTTGTTATTGAAAGTCCAAAAGGGCCAGTTTGAAATTCCCAATGACACCGAAATTTCCAGAGATGCACAAGATTTAATCGGCAAGATTCTCGTTGTAGATCCC
chrIII	79821	7530	TTTAACGGGTAGACTACCCTTCGATGAAGAAAACGGTAATGTTAGGGATTTGTTATTGAAAGTCCAAAAGGGCCAGTTTGAAATGCCCAATGACACCGAAATTTCCAGAGATGCACAAGATTTAATCGGCAAGATTCTCGTTGTAGATCCC
chrIII	79821	7530	TTTAACGGGTAGACTACCCTTCGATGAAGAAAACGGTAATGTTAGGGATTTGTTATTGAAAGTCCAAAAGGGCCAGTTTGAAATGCCCAATGACACCGAAATTTCCAGAGATGCACAAGATTTAATCGGCAAGATTCTCGTTGTAGATCC
chrIII	79821	7530	TTTAACGGGTAGACTACCCTTCGATGAAGAAAACGGTAATGTTAGGGATTTGTTATTGAAAGTCCAAAAGGGCCAGTTTGAAATTCCCAATGACACCGAAATTTCCAGAGATGCACAAGATTTAATCGGCAAGATTCTCGTTGTAGATCCC
chrIII	79825	2640	ACGGGTAGACTACCCTTCGATGAAGAAAACGGTAATGTTAGGGATTTGTTATTGAAAGTCCAAAAGGGCCAGTTTGAAATGCCCAATGACACCGAAATTTCCAGAGATGCACAAGATTTAATCGGCAAGATTCTCGTTGTAGATCCCAGGC
chrIII	79826	2640	CGGGTAGACTACCCTTCGATGAAGAAAACGGTAATGTTAGGGATTTGTTATTGAAAGTCCAAAAGGGCCAGTTTGAAATGCCCAATGACACCGAAATTTCCAGAGATGCACAAGATTTAATCGGCAAGATTCTCGTTGTAGATCCCAGGCA
chrIII	79826	70	CGGGTAGACTACCCTTCGATGAAGAAAACGGTAATGTTAGGGATTTGTTATTGAAAGTCCAAAAGGGCCAGTTTGAAATGCCCAATGACACCGAAATTTCCAGAGATGCACAAGATTTAATCGGCAAGATTCTCGTTGTAGATCCCAGGCA
chrIII	79828	70	GGTAGACTACCCTTCGATGAAGAAAACGGTAATGTTAGGGATTTGTTATTGAAAGTCCAAAAGGGCCAGTTTGAAATGCCCAATGACACCGAAATTTCCAGAGATGCACAAGATTTAATCGGCAAGATTCTCGTTGTAGATCCCAGGCAAA
chrIII	79828	10150	GGTAGACTACCCTTCGATGAAGAAAACGGTAATGTTAGGGATTTGTTATTGAAAGTCCAAAAGGGCCAGTTTGAAATTCCCAATGACACCGAAATTTCCAGAGATGCACAAGATTTAATCGGCAAGATTCTCGTTGTAGATCCCAGGCAA
chrIII	79828	2640	GGTAGACTACCCTTCGATGAAGAAAACGGTAATGGTAGGGATTTGTTATTGAAAGTCCAAAAGGGCCAGTTTGATATGCCCAATGACACCGAAATTTCCAGAGATGCACAAGATTTAATCGGCAAGATTCTCGTTGTAGATCACAGGCAAA
chrIII	79828	70	GGTAGACTACCCTTCGATGAAGAAAACGGTAATGTTAGGGATTTGTTATTGAAAGTCCAAAAGGGCCAGTTTGAAATGCCCAATGACACCGAAATTTCCAGAGATGCACAAGATTTAATCGGCAAGATTCTCGTTGTAGATCCCAGGCAAA
chrIII	79829	2640	GTAGACTACCCTTCGATGAAGAAAACGGTAATGTTAGGGATTTGTTATTGAAAGTCCAAAAGGGCCAGTTTGAAATGCCCAATGACACCGAAA
chrIII	79829	5150	GTAGACTACCCTTCGATGAAGAAAACGGTAATGTTAGGGATTTGTTATTGAAAGTCCAAAAGGGCCAGTTTGAAATTCCCAATGACACCGAAATTTCCAGAGATGCACAAGATTTAATCGGCAAGATTCTCGTTGTAGATCCCAGGCAA
chrIII	79829	7530	GTAGACTACACTTCGATGAGGAAAACGGTAATGTTAGGTAGTTGTTCTGGAAAGTCCAAATGGGCCAGTTTGATATTCCCTATGGGACGGAAAGTTCGAGAGATGCACATGATTTTTTCGGCAGGATTCTCGTTGTAGAT(GCGTGGCAATG)
chrIII	79829	2640	GTAGACTACCCTTCGATGAAGAAAACGGTAATGTTAGGGATTTGTTATTGAAAGTCCAAAAGGGCCAGTTTGAAATGCCCAATGACACAGAAA
chrIII	79829	2640	GTAGACTACCCTTCGATGAAGAAAACGGTAATGTTAGGGATTTGTTATTGAAAGTCCAAAAGGGCCAGTTTGAAATGCCCAATGACACCGAAA
chrIII	79829	2640	GTAGACTACCCTTCGATGAAGAAAACGGTAATGTTAGGGATTTGTTATTGAAAGTCCAAAAGGGCCAGTTTGAAATGCCCAATGACACCGAAA
chrIII	79831	70	AGACTACCCTTCGATGTAGAAAACGGTAATGTTAGGGATTTGTTATTGAACGTCCAAAAGGGCCCGTTTGTCATGCCCCATGACACCGAAATTTCCAGAGATGCACAAGATTTAATCGGCAAGATTCTCGTTGTCGATCCCAGGCAAAGT
chrIII	79831	70	AGACTACCCTTCGATGAAGAAAACGGTAATGTTAGGGATTTGTTATTGAAAGTCCAAAAGGGCCAGTTTGAAATGCCCAATGACACCGAAATTTCCAGAGATGCACAAGATTTAATCGGCAAGATTCTCGTTGTAGATCCCAGGCAAAGAA
chrIII	79832	5150	GACTACCCTTCGATGAAGAAAACGGTAATGTTAGGGATTTGTTATTGAAAGTCCAAAAGGGCCAGTTTGAAATGCCCAATGACACCGAAATTTCCAGAGATGCACAAGATTTAATCGGCAAGATTCTCGTTGTAGATCCCAGGCAAAGAAT
chrIII	79833	70	ACTACCCTTCGATGAAGAAAACGGTAATGTTAGGGATTTGTTATTGAAAGTCCAAAAGGGCCAGTTTGAAATGCCCAATGACACCGAAATTTCCAGAGATGCACAAGATTTAATCGGCAAGATTCTCGTTGTAGATCCCAGGCAAAGAA
chrIII	79834	70	CTACCCTTCGATGAAGAAAACGGTAATGTTAGGGATTTGTTATTGAAAGTCCAAAAGGGCCAGTTTGAAATGCCCAATGACACCGAAATTTCCAGAGATGCACAAGATTTAATCGGCAAGATTCTCGTTGTAGATCCCAGGCAAAGAATAA
chrIII	79834	2640	CTACCCTTCGATGAAGAAAACGGTAATGTTAGGGATTTGTTATTGAAAGTCCAAAAGGGCCAGTTTGAAATGCCCAATGACACCGAAATTTCCAGAGATGCACAAGATTTAATCGGCAAGATTCTCGTTGTAGATCCCAGGCAAAGAATAA
chrIII	79836	70	ACCCTTCGATGAAGAAAACGGTAATGTTAGGGATTTGTTATTGAAAGTCCAAAAGGGCCAGTTTGAAATGCCCAATGACACCGAAATTTCCAGAGATGCACAAGATTTAATCGGCAAGATTCTCGTTGTAGATCCCAGGCAAAGAATAAAA
chrIII	79836	7530	ACCCTTCGATGAAGAAAACGGTAATGTTAGGGATTTGTTATTGAAAGTCCAAAAGGGCCAGTTTGAAATGCCCAATGACACCGAAATTTCCAGAGATGCACAAGATTTAATCGGCAAGATTCTCGTTGTAGATCCCAGGCAAAGAATAAAA
chrIII	79837	5150	CCCTTCGATGAAGAAAACGGTAATGTTAGGGATTTGTTATTGAAAGTCCAAAAGGGCAAGTTTGAAATGCCCAATGACACCGAAATTTCCAGAGATGCACAAGATTTAATCGGCAAGATTCTCGTTGTAGATCCCAGGCAAAGAATAAAAA
chrIII	79837	5150	CCCTTCGATGAAGAAAACGGTAATGTTAGGGATTTGTTATTGAAAGTCCAAAAGGGCCAGTTTGAAATTCCCAATGACACCGAAATTTCCAGAGATGCACAAGATTTAATCGGCAAGATTCTCGTTGTAGATCCCAGGCAAAGAATAAAA
chrIII	79837	7530	CCCTTCGATGAAGAAAACGGTAATGTTAGGGATTTGTTATTGAAAGTCCAAAAGGGCCAGTTTGAAATGCCCAATGACACCGAAATTTCCAGAGATGCACAAGATTTAATCGGCAAGATTCTCGTTGTAGATCCCAGGCAAAGAATAAAAA
chrIII	79837	2640	CCCTTCGATGAAGAAAACGGTAATGTTAGGGATTTGTTATTGAAAGTCCAAAAGGGCCAGTTTGAAATGCCCAATGACACCGAAATTTCCAGAGATGCACAAGATTTAATCGGCAAGATTCTCGTTGTAGATCCCAGGCAAAGAATAAAAA
chrIII	79837	2640	CCCTTCGATGAAGAAAACGGTAATGTTAGGGATTTGTTATTGAAAGTCCAAAAGGGCCAGTTTGAAATGCCCAATGACACCGAAATTTCCAGAGATGCACAAGATTTAATCGGCAAGATTCTCGTTGTAGATCCCAGGCAAAGAATAAAAA
chrIII	79837	70	CCCTTCGATGAAGAAAACGGTAATGTTAGGGATTTGTTATTGAAAGTCCAAAAGGGCCAGTTTGAAATGCCCAATGACACCGAAATTTCCAGAGATGCACAAGATTTAATCGGCAAGATTCTCGTTGTAGATCCCAGGCAAAGAATAAAAA
chrIII	79837	70	CCCTTCGATGAAGAAAACGGTAATGTTAGGGATTTGTTATTGAAAGTCCAAAAGGGCCAGTTTGAAATGCCCAATGACACCGAAATTTCCAGAGATGCACAAGATTTAATCGGCAAGATTCTCGTTGTAGATCCCAGGCAAAGAATAAAAA
chrIII	79837	5150	CCCTTCGATGAAGAAAACGGTAATGTTAGGGATTTGTTATTGAAAGTCCAAAAGGGCCAGTTTGAAATGCCCAATGACACCGAAATTTCCAGAGATGCACAAGATTTAATCGGCAAGATTCTCGTTGTAGATCCCAGGCAAAGAATAAAAA
chrIII	79837	70	CCCTTCGATGAAGAAAACGGTAATGTTAGGGATTTGTTATTGAAAGTCCAAAAGGGCCAGTTTGAAATGCCCAATGACACCGAAATTTCCAGAGATGCACAAGATTTAATCGGCAAGATTCTCGTTGTAGATCCCAGGCAAAGAATAAAAA
chrIII	79837	70	CACTTCGATGAAGAAAACGGAAATGATAGGGATTTGTTATTGAAAGTCCAATAGGGCCAGTTGGAAATGCCCAATGACACCGAAATTTCTAGAGATGCACAAGATTTCATCGGCAAGATTCTCGTTGTAGATCCCAGGCAAAGAATAAAAA
chrIII	79838	70	CCTTCGATGAAGAAAACGGTAATGTTAGGGATTTGTTATTGAAAGTCCAAAAGGGCCAGTTTGAAATGCCCAATGACACCGAAATTTCCAGAGATGCACAAGATTTAATCGGCAAGATTCTCGTTGTAGATCCCAGGCAAAGAATAAAAAT
chrIII	79841	70	TCGATGAAGAAAACGGTAATGTTAGGGATTTGTTATTGAAAGTCCAAAAGGGCCAGTTTGAAATGCCCAATGACACCGAAATTTCCAGAGATGCACAAGATTTAATCGGCAAGATTCTCGTTGTAGATCCCAGGCAAAGAATAAAAATCAG
chrIII	79843	2640	(AAATTA)GATGAAGTAAACGGTAATGTTAGGGTTTTGTTATTGAAAGTCCAAAAGGGCCTGTTTGTAATGCCAAATGACACCGAAATTTCGAGAGATGCACAAGATTTAATCGGCAAGATTCTCGTTGTAGATCACAGGCAATGAATAAAAA
chrIII	79844	7530	ATGAAGAAAACGGTAATGTTAGGGATTTGTTATTGAAAGTCCAAAAGGGCCAGTTTGAAATTCCCAATGACACCGAAATTTCCAGAGATGCACAAGATTTAATCGGCAAGATTCTCGTTGTAGATCCCAGGCAAAGAATAAAAATCAGATA
chrIII	79846	2640	GAAGAAAACGGTAATGTTAGGGATTTGTTATTGAAAGTCCAAAAGGGCCAGTTTGAAATGCCCAATGACACCGAAATTTCCAGAGATGCACAAGATTTAATCGGCAAGATTCTCGTTGTAGATCCCAGGCAAAGAATAAAAATCAGAGACA
chrIII	79849	5150	GAAAACGGTAATGTTAGGGATTTGTTATTGAAAGTTCAAAAGGGCCAGTTTGAAATGCCCAATGACACCGAAATTTCCAGAGATGCACAAGATTTAATCGGCAAGATTCTCGTTGTAGATCCCAGGCAAAGAATAAAAATCAGAGACATCC
chrIII	79850	7530	AAAACGGTAATGTTAGGGATTTGTTATTGAAAGTCCAAAAGGGCCAGTTTGAAATGCCCAATGACACCGAAATTTCCAGAGATGCACAAGATTTAATCGGCAAGATTCTCGTTGTAGATCCCAGGCAAAGAATAAAAATCAGAGACATCC
chrIII	79850	7530	AAAACGGTAATGTTAGGGATTTGTTATTGAAAGTCCAAAAGGGCCAGTTTGAAATTCCCAATGACACCGAAATTTCCAGAGATGCACAAGATTTAATCGGCAAGATTCTCGTTGTAGATCCCAGGCAAAGAATAAAAATCAGAGACATCC
chrIII	79851	1410	AAACGGTAATGTTAGGGATTTGTTATTGAAAGTCCAAAAGGGCCAGTTTGAAATGCCCAATGACACCGAAATTTCCAGAGATGCACAAGATTTAATCGGCAAGATTCTCGTTGTAGATCCCAGGCAAAGAATAAAAATCAGAGACATCCTT
chrIII	79853	5150	ACGGTAATGTTAGGGATTTGTTATTGAAAGTCCAAAAGGGCCAGTTTGAAATTCCCAATGACACCGAAATTTCCAGAGATGCACAAGATTTAATCGGCAAGATTCTCGTTGTAGATCCCAGGCAAAGAATAAAAATCAGAGACATCCTTAG
chrIII	79853	7530	ACGGTAATGTTAGGGATTTGTTATTGAAAGTCCAAAAGGGCCAGTTTGAAATTCCCAATGACACCGAAATTTCCAGAGATGCACAAGATTTAATCGGCAAGATTCTCGTTGTAGATCCCAGGCAAAGAATAAAAATCAGAGACATCCTTAG
chrIII	79853	5150	ACGGTAATGTTAGGGATTTGTTATTGAAAGTCCAAAAGGGCCAGTTTGAAATTCCCAATGACACCGAAATTTCCAGAGATGCACAAGATTTAATCGGCAAGATTCTCGTTGTAGATCCCAGGCAAAGAATAAAAATCAGAGACATCCTTAG
chrIII	79853	70	ACGGTAATGTTAGGGATTTGTTATTGAAAGTCCAAAAGGGCCAGTTTGAAATGCCCAATGACACCGAAATTTCCAGAGATGCACAAGATTTAATCGGCAAGATTCTCGTTGTAGATCCCAGGCAAAGAATAAAAATCAGAGACATCCTTAG
chrIII	79854	70	CGGTAATGTTAGGGATTTGTTATTGAAAGTCCAAAAGGGCCAGTTTGAAATGCCCAATGACACCGAAATTTCCAGAGATGCACAAGATTTAATCGGCAAGATTCTCGTTGTAGATCCCAGGCAAAGAATAAAAATCAGAGACATCCTTAGT
chrIII	79854	7530	CGGTAATGTTAGGGATTTGTTATTGAAAGTCCAAAAGGGCCAGTTTGAAATGCCCAATGACACCGAAATTTCCAGAGATGCACAAGATTTAATCGGCAAGATTCTCGTTGTAGATCCCAGGCAAAGAATAAAAATCAGAGACATCCTTAGT
chrIII	79854	2640	CGGTAATGTTAGGGATTTGTTATTGAAAGTCCAAAAGGGCCAGTTTGAAATGCCCAATGACACCGAAATTTCCAGAGATGCACAAGATTTAATCGGCAAGATTCTCGTTGTAGATCCCAGGCAAAGAATAAAAATCAGAGACATCCTTAGT
chrIII	79854	7530	CGGTAATGTTAGGGATTTGTTATTGAAAGTCCAAAAGGGCCAGTTTGAAATTCCCAATGACACCGAAATTTCCAGAGATGCACAAGATTTAATCGGCAAGATTCTCGTTGTAGATCCCAGGCAAAGAATAAAAATCAGAGACATCCTTAGT
chrIII	79854	5150	CGGTAATGTTAGGGATTTGTTATTGAAAGTCCTAAAGGGCCAGTTTGAAATTCCCAATGACACCGAAATTTCCAGAGATGCACAAGATTTAATCGGCAAGATTCTCGTTGTAGATCCCAGGCAAAGAATAAAAATCAGAGACATCCTTAGT
chrIII	79854	2640	CGGTAATGTTAGGGATTTGTTATTGAAAGTCCAAAAGGGCCAGTTTGAAATGCCCAATGACACCGAAATTTCCAGAGATGCACAAGATTTAATCGGCAAGATTCTCGTTGTAGATCCCAGGCAAAGAATAAAAATCAGAGACATCCTTAGT
chrIII	79854	2640	CGGTAATGTTAGGGATTTGTTATTGAAAGTCCAAAAGGGCCAGTTTGAAATGCCCAATGACACCGAAATTTCCAGAGATGCACAAGATTTAATCGGCAAGATTCTCGTTGTAGATCCCAGGCAAAGAATAAAAATCAGAGACATCCTTAGT
chrIII	79854	70	CGGTAATGTTAGGGATTTGTTATTGAAAGTCCAAAAGGGCCAGTTTGAAATGCCCAATGACACCGAAATTTCCAGAGATGCACAAGATTTAATCGGCAAGATTCTCGTTGTAGATCCCAGGCAAAGAATAAAAATCAGAGACATCCTTAGT
chrIII	79854	70	CGGTAATGTTAGGGATTTGTTATTGAAAGTCCAAAAGGGCCAGTTTGAAATGCCCAATGACACCGAAATTTCCAGAGATGCACAAGATTTAATCGGCAAGATTCTCGTTGTAGATCCCAGGCAAAGAATAAAAATCAGAGACATCCTTAGT
chrIII	79854	1410	CGGTAATGTTAGGGATTTGTTATTGAAAGTCCAAAAGGGCCAGTTTGAAATGCCCAATGACACCGAAATTTCCAGAGATGCACAAGATTTAATCGGCAAGATTCTCGTTGTAGATCCCAGGCAAAGAATAAAAATCAGAGACATCCTTAGT
chrIII	79854	2640	CGGTAATGTTAGGGATTTGTTATTGAAAGTCCAAAAGGGCCAGTTTGAAATGCCCAATGACACCGAAATTTCCAGAGATGCACAAGATTTAATCGGCAAGATTCTCGTTGTAGATCCCAGGCAAAGAATAAAAATCAGAGACATCCTTAGT
chrIII	79854	70	CGGTAATGTTAGGGATTTGTTATTGAAAGTCCAAAAGGGCCAGTTTGAAATGCCCAATGACACCGAAATTTCCAGAGATGCACAAGATTTAATCGGCAAGATTCTCGTTGTAGATCCCAGGCAAAGAATAAAAATCAGAGACATCCTTAGT
chrIII	79855	10150	GGTAATGTTAGGGATTTGTTATTGAAAGTCCAAAAGGGCCAGTTTGAAATGCCCAATGACACCGAAATTTCCATAGATGCACAAGATTTAATCGGCAAGATTCTCGTTGTAGATCCCAGGCAAAGAATAAAAATCAGAGACATCCTTAGTC
chrIII	79855	5150	GGTAATGTTAGGGATTTGTTATTGAAAGTCCAAAAGGGCCAGTTTGAAATGCCCAATGACACCGAAATTTCCAGAGATGCACAAGATTTAATCGGCAAGATTCTCGTTGTAGATCCCAGGCAAAGAATAAAAATCAGAGACATCCTTAGTC
chrIII	79855	1410	GGTAATGTTAGGGATTTGTTATTGAAAGTCCAAAAGGGCCAGTTTGAAATGCCCAATGACACCGAAATTTCCAGAGATGCACAAGATTTAATCGGCAAGATTCTCGTTGTAGATCCCAGTCAAAGAATAAAAATCAGAGACATCCTTAGTC
chrIII	79855	10150	GGTAATGTTAGGGATTTGTTATTGAAAGTCCAAAAGGGCCAGTTTGAAATGCCCAATGACACCGAAATTTCCAGAGATGCACAAGATTTAATCGGCAAGATTCTCGTTGTAGATCCCAGGCAAAGAATAAAAATCAGAGACATCCTTAGTC
chrIII	79855	10150	GGTAATGTTAGGGATTTGTTATTGAAAGTCCAAAAGGGCCAGTTTGAAATGCCCAATGACACCGAAATTTCCAGAGATGCACAAGATTTAATCGGCAAGATTCTCGTTGTAGATCCCAGGCAAAGAATAAAAATCAGAGACATCCTTAGTC
chrIII	79856	2640	GTAATGTTAGGGATTTGTTATTTCAAGTCCAAAAGGGCCAGTTTGAAATGCCCAATGACACCGAAATTTCCAGAGATGCACAAGATTTAATCGGCAAGATTCTCGTTGTAGATCCCAGGCAAAGAATAAAAATCAGAGACATCCTTAGTC
chrIII	79856	10150	GTAATGTTAGGGATTTGTTATTGAAAGTCCAAAAGGGCCAGTTTGAAATGCCCAATGACACCGAAATTTCCAGAGATGCACAAGATTTAATCGGCAAGATTCTCGTTGTAGATCCCAGGCAAAGAATAAAAATCAGAGACATCCTTAGTCA
chrIII	79856	5150	GTAATGTTAGGGATTTGTTATTGAAAGTCCAAAAGGGCCAGTTTGAAATGCCCAATGACACCGAAATTTCCAGAGATGCACAAGATTTAATCGGCAAGATTCTCGTTGTAGATCCCAGGCAAAGAATAAAAATCAGAGACATCCTTAGTCA
chrIII	79856	7530	GTAATGTTAGGGATTTGTTATTGAAAGTCCAAAAGGGCCAGTTTGAAATTCCCAATGACACCGAAATTTCCAGAGATGCACAAGATTTAATCGGCAAGATTCTCGTTGTAGATCCCAGGCAAAGAATAAAAATCAGAGACATCCTTAGTC
chrIII	79856	2640	GTAATGTTAGGGATTTGTTATTGAAAGTCCAAAAGGGCCAGTTTGAAATGCCCAATGACACCGAAATTTCCAGAGATGCACAAGATTTAATCGGCAAGATTCTCGTTGTAGATCCCAGGCAAAGAATAAAAATCAGAGACATCCTTAGTC
chrIII	79856	70	GTAATGTTAGGGATTTGTTATTGAAAGTCCAAAAGGGCCAGTTTGAAATGCCCAATGACACCGAAATTTCCAGAGATGCACAAGATTTAATCGGCAAGATTCTCGTTGTAGATCCCAGGCAAAGAATAAAAATCAGAGACATCCTTAGTC
chrIII	79856	2640	GTAATGTTAGGGATTTGTTATTGAAAGTCCAAAAGGGCCAGTTTGAAATGCCCAATGACACCGAAATTTCCAGAGATGCACAAGATTTAATCGGCAAGATTCTCGTTGTAGATCCCAGGCACAGAATAAAAATCAGAGACATCCTTAGTCA
chrIII	79856	70	GTAATGTTAGGGATTTGTTATTGAAAGTCCAAAAGGGCCAGTTTGAAATGCCCAATGACACCGAAATTTCCAGAGATGCACAAGATTTAATCGGCAAGATTCTCGTTGTAGATCCCAGGCAAAGAATAAAAATCAGAGACATCCTTAGTC
chrIII	79857	70	TAATGTTAGTGATTTGTTATTGAAAGTCCAAAAGGGCCAGTTTGAAATGCCCAATGACACCGAAATTTCCAGAGATGCACAAGATTTAATCGGCAAGATTCTCGTTGTAGATCCCAGGCAAAGAATAAAAATCAGAGCCATCCTTAGTCA
chrIII	79857	7530	TAATGTTAGGGATTTGTTATTGAAAGTCCAAAAGGGCCAGTTTGAAATGCCCAATGACACCGAAATTTCCAGAGATGCACAAGATTTAATCGGCAAGATTCTCGTTGTAGATCCCAGGCAAAGAATAAAAATCAGAGACATCCTTAGTCA
chrIII	79859	7530	ATGTTAGGGATTTGTTATTGAAAGTCCAAAAGGGCCAGTTTGAAATTCCAAATGACACCGAAATTTCCAGAGATGCACAAGATTTAATCGGCAAGATTCTCGTTGTAGATCCCAGGCAAAGAATAAAAATCAGAGACATCCTTAGTCATCC
chrIII	79859	70	ATGTTAGGGATTTGTTATTGAAAGTCCAAAAGGGCCAGTTTGAAATGCCCAATGACACCGAAATTTCCAGAGATGCACAAGATTTAATCGGCAAGATTCTCGTTGTAGATCCCAGGCAAAGAATAAAAATCAGAGACATCCTTAGTCATCC
chrIII	79859	2640	ATGTTAGGGATTTGTTATTGAAAGTCCAAAAGGGCCAGTTTGAAATGCCCAATGACACCGAAATTTCCAGAGATGCACAAGATTTAATCGGCAAGATTCTCGTTGTAGATCCCAGGCAAAGAATAAAAATCAGAGACATCC
chrIII	79859	2640	(TGTT)ATGTTAGGGATTTGTTATTGAAAGTCCAAAAGGGCCAGTTTGAAATGCCCAATGACAACGAAATTTCCAGAGATGCACAAGATTTAATCTGCAAGATTCTCGTTGTAGATCCCAGGCAAAGAATAAAAATCAGAGACATCCTTAGTC
chrIII	79859	5150	ATGTTAGGGATTTGTTATTGAAAGTCCAAAAGGGCCAGTTTGAAATGCCCAATGACACCGAAATTTCCAGAGATGCACAAGATTTAATCGGCAAGATTCTCGTTGTAGATCCCAGGCAAAGAATAAAAATCAGAGACATCCTTAGTCATCC
chrIII	79859	2640	ATGTTAGGGATTTGTTATTGAAAGTCCAAAAGGGCCAGTTTGAAATGCCCAATGACACCGAAATTTCCAGAGATGCACAAGATTTAATCGGCAAGATTCTCGTTGTAGATCCCAGGCAAAGAATAAAAATCAGAGACATCC
chrIII	79859	7530	ATGTTAGGGATTTGTTATTGAAAGTCCAAAAGGGCCAGTTTGAAATGCCCAATGACACCGAAATTTCCAGAGATGCACAAGATTTAATCGGCAAGATTCTCGTTGTAGATCCCAGGCAAAGAATAAAAATCAGAGACATCCTTAGTCATC
chrIII	79860	70	TGTTAGGGATTTGTTATTGAAAGTCCAAAAGGGCCAGTTTGAAATGCCCAATGACACCGAAATTTCCAGAGATGCACAAGATTTAATCGGCAAGATTCTCGTTGTAGATCCCAGGCAAAGAATAAAAATCAGAGACATCCTTAGTCATCCA
chrIII	79860	2640	TGTTAGGGATTTGTTATTGAAAGTCCAAAAGGGCCAGTTTGAAATGCCCAATGACACCGAAATTTCCAGAGATGCACAAGATTTAATCGGCAAGATTCTCGTTGTAGATCCCAGGCAAAGAATAAAAATCAGAGACATCCTTAGTCATCCA
chrIII	79860	2640	TGTTAGGGATTTGTTATTGAAAGTCCAAAAGGGCCAGTTTGAAATGCCCAATGACACCGAAATTTCCAGAGATGCACAAGATTTAATCGGCAAGATTCTCGTTGTAGATCCCAGGCAAAGAATAAAAATCAGAGACATCCTTAGTCATCCA
chrIII	79860	2640	TGTTAGGGATTTGTTATTGAAAGTCCAAAAGGGCCAGTTTGAAATGCCCAATGACACCGAAATTTCCAGAGATGCACAAGATTTAATCGGCAAGATTCTCGTTGTAGATCCCAGGCAAAGAATAAAAATCAGAGACATCCTTAGTC
chrIII	79860	10150	TGTTAGGGATTTGTTATTGAAAGTCCAAAAGGGCCAGTTTGAAATGCCCAATGACACCGAAATTTCCAGAGATGCACAAGATTTAATCGGCAAGATTCTCGTTGTAGATCCCAGGCAAAGAATAAAAATCAGAGACATCCTTAGTCATCC
chrIII	79860	2640	TGTTAGGGATTTGTTATTGAAAGTCCAAAAGGGCCAGTTTGAAATGCCCAATGACACCGAAATTTCCAGAGATGCACAAGATTTTATCGGCAAGATTCTCGTTGTAGATCCCAGGCAAAGTATAAAAATCAGAGACATCCTTAGTCATCCA
chrIII	79860	2640	TGTTAGGGATTTGTTATTGAAAGTCCAAAAGGGCCAGTTTGAAATGCCCAATGACACCGAAATTTCCAGAGATGCACAAGATTTAATCGGCAAGATTCTCGTTGTAGATCCCAGGCAAAGAATAAAAATCAGAGACATCCTTAGTCATCCA
chrIII	79860	2640	TGTTAGGGATTTGTTATTGAAAGTCCAAAAGGGCCAGTTTGAAATGCCCAATGACACCGAAATTTCCAGAGATGCACAAGATTTAATCGGCAAGATTCTCGTTGTAGATCCCAGGCAAAGAATAAAAATCAGAGACATCCTTAGTC
chrIII	79861	70	GTTAGGGATTTGTTATTGAAAGTCCAAAAGGGCCAGTTTGAAATGCCCAATGACACCGAAATTTCCAGAGATGCACAAGATTTAATCGGCAAGATTCTCGTTGTAGATCCCAGGCAAAGAATAAAAATCAGAGACATCCTTAGTCATCCA
chrIII	79861	2640	GTTAGGGATTTGTTATTGAAAGTCCAAAAGGGCCAGTTTGAAATGCCCAATGACACCGAAATTTCCAGAGATGCACAAGATTTAATC
chrIII	79861	2640	GTTAGGGATTTGTTATTGAAAGTCCAAAAGGGCCAGTTTGAAATGCCCAATGACACCGAAATTTCCAGAGATGCACAAGATTTAATC
chrIII	79862	7530	TTAGGGATTTGTTATTGAAAGTCCAAAAGTGCCAGTTTGAAAGTCCAAATGACACCGAAATTTCCAGAGATGCACAAGATTTAATCGGCAAGATTCTCGTTGTAGATCCCAGGCAAAGAATAAAAATCAGAGACATCCTTAGTCATCCAC
chrIII	79864	10150	AGGGATTTGTTATTGAAAGTCCAAAAGGGCCAGTTTGAAATGCCCAATGACACCGAAATTTCCAGAGATGCACAAGATTTAATCGGCAAGATTCTCGTTGTAGATCCCAGGCAAAGAATAAAAATCAGAGACATCCTTAGTCATCCACTGC
chrIII	79864	10150	AGGGATTTGTTATTGAAAGTCCAAAAGGGCCAGTTTGAAATGCCCAATGACACCGAAATTTCCAGAGATGCACAAGATTTAATCGGCAAGATTCTCGTTGTAGATCCCAGGCAAAGAATAAAAATCAGAGACATCCTTAGTCATCCACTGC
chrIII	79866	70	(GTATTGGTAT)GGATTTGTTATTGAAAGTCCAATAGGGCCAGTTTGAACTGCCCAATGACACCGATAGTTCCAGAGATGCTCAAGATTTAATCGTCAAGATTCTCGTTGTAGATCCCAGGCAAAGAATAAAAATCAGAGACATCCTTAGTC
chrIII	79866	7530	GGATTTGTTATTGAAAGTCCAAAAGGGCCAGTTTGAAATGCCCAATGACACCGAAATTTCCAGAGATGCACAAGATTTAATCGGCAAGATTCTCGTTGTAGATCCCAGGCAAAGAATAAAAATCAGAGACATCCTTAGTCATCCACTGC
chrIII	79866	7530	GGATTTGTTATTGAAAGTCCAAAAGGGCCAGTTTGAAATGCCCAATGACACCGAAATTTCCAGAGATGCACAAGATTTAATCGGCAAGATTCTCGTTGTAGATCCCAGGCAAAGAATAAAAATCAGAGACATCCTTAGTCATCCACTGC
chrIII	79869	2640	TTTTTTATTGAAAGTCCAAAAGGGCCAGTTTGAAATGCCCAATGACACCGAAATTTCCAGAGATGCACAAGATTTAATCGGCAAGATTCTCGTTGTAGATCCCAGGCAAAGAATAAAAATCAGAGACATCCTTAGTCATCCACTGCTAAAA
chrIII	79870	70	TTGTTATTGAAAGTCCAAAAGGGCCAGTTTGAAATGCCCAATGACACCGAAATTTCCAGAGATGCACAAGATTTAATCGGCAAGATTCTCGTTGTAGATCCCAGGCAAAGAATAAAAATCAGAGACATCCTTAGTCATCCACTGCTAAAAA
chrIII	79872	1410	GTTATTGAAAGTCCAAAAGGGCCAGTTTGAAATGCCCAATGACACCGAAATTTCCAGAGATGCACAAGATTTAATCGGCAAGATTCTCGTTGTAGATCCCAGGCAAAGAATAAAAATCAGAGACATCCTTAGTCATCCACTGCTAAAAAA
chrIII	79872	2640	GTTATTGAAAGTCCAAAAGGGCCAGTTTGAAATGCCCAATGACACCGAAATTTCCAGAGATGCACAAGATTTAATCGGCAAGATTCTCGTTGTAGATCCCAGGCAAAGAATAAAAATCAGAGACATCCTTAGTCATCCACTGCTAAAAAAA
chrIII	79872	10150	GTTATTGAAAGTCCAAAAGGGCCAGTTTGAAATGCCCAATGACACCGAAATTTCCAGAGATGCACAAGATTTAATCGGCAAGATTCTCGTTGTAGATCCCAGGCAAAGAATAAAAATCAGAGACATCCTTAGTCATCCACTGCTAAAAAA
chrIII	79872	1410	GTTATTGAAAGTCCAAAAGGGCCAGTTTGAAATGCCCAATGACACCGAAATTTCCAGAGATGCACAAGATTTAATCGGCAAGATTCTCGTTGTAGATCCCAGGCAAAGAATAAAAATCAGAGACATCCTTAGTCATCCACTGCTAAAAAA
chrIII	79873	70	TTATTGAAAGTCCAAAAGGGCCAGTTTGAAATGCCCAATGACACCGAAATTTCCAGAGATGCACAAGATTTAATCGGCAAGATTCTCGTTGTAGATCCCAGGCAAAGAATAAAAATCAGAGACATCCTTAGTCATCCACTGCTAAAAAAA
chrIII	79875	2640	ATTGAAAGTCCAAAAGGGCCAGTTTGAAATGCCCAATGACACCGAAATTTCCAGAGATGCACAAGATTTAATCGGCAAGATTCTCGTTGTAGATCCCAGGCAAAGAATAAAAATCAGAGACATCCTTAGTCATCCACTGCTAAAAAAATAT
chrIII	79875	2640	ATTGAAAGTCCAAAAGGGCCAGTTTGAAATGCCCAATGACACCGAAATTTCCAGAGATGCACAAGATTTAATCGGCAAGATTCTCGTTCTAGATCCCAGGCAAAGAATAAAAATCAGAGACATCCTTAGTCATCCACTGCTAAAAAAATAT
chrIII	79876	5150	TAGAAAGTCCAAAAGGGCCAGTTTGAAATTCCCAATGACACCGAAATTTCCAGAGATGCACAAGATTTAATCGGCAAGATTCTCGTTGTAGATCCCAGGCAAAGAATAAAAATCAGAGACATCCATAGTCATCCACTCAAAAAAAAATATC
chrIII	79880	2640	AAGTCCAAAAGGGCCAGTTTGAAATGCCCAATGACACCGAAATTTCCAGAGATGCACAAGATTTAATCGGCAAGATTCTCGTTGTAGATCCCAGGCAAAGAATAAAAATCAGAGACATCCTTAGTCATCCACTGCTAAAAAAATATCAAAC
chrIII	79882	5150	GTCCAAAAGGGCCAGTTTGAAATTCCCAATGACACCGAAATTTCCAGAGATGCACAAGATTTAATCGGCAAGATTCTCGTTGTAGATCCCAGGCAAAGAATAAAAATCAGAGACATCCTTAGTCATCCACTGCTAAAAAAATATCAAACC
chrIII	79882	2640	GTCCAAAAGGGCCAGTTTGAAATGCCCAATGACACCGAAATTTCCAGAGATGCACAAGATTTAATCGGCAAGATTCTCGTTGTAGATCCCAGGCAAAGAATAAAAATCATAGACATCCTTAGTCATCCACTGCTAAAAAAATATCAAACCA
chrIII	79884	5150	CCAAAAGGGCCAGTTTGAAATGCCCAATGACACCGAAATTTCCAGAGATGCACAAGATTTAATCGGCAAGATTCTCGTTGTAGATCCCAGGCAAAGAATAAAAATCAGAGACATCCTTAGTCATCCACTGCTAAAAAAATATCAAACCATT
chrIII	79885	7530	(ACGGTAAAGTAAAGGATATGTAATTGAGAGTA)CAAAAGGGCCAGTATGAAATACCCAAGGAGAGCGAAATTTCCAGTGTTCCACAAGAGTAAATCGGCATGTTTCTCGTAGTAGATACCAGGCAAAGA(GGAATCATCAGAGACTTCCAAAG)
chrIII	79888	70	AAGGGCCAGTTTGAAATGCCCAATGACACCGAAATTTCCAGAGATTCACAAGATTTAATCGGCAAGATTCTCGTTGTAGATCCCAGTCAAAGAATAAAAATCAGAGACATCCTTAGTCATCCACTGCTAAAAAAATATCAAACCATTAAGG
chrIII	79888	5150	AAGGGCCAGTTTGAAATTCCCAATGACACCGAAATTTCCAGAGATGCACAAGATTTAATCGGCAAGATTCTCGTTGTAGATCCCAGGCAAAGAATAAAAATCAGAGACATCCTTAGTCATCCACTGCTAAAAAAATATCAAACCATTAAGG
chrIII	79888	2640	AAGGGCCAGTTTGAAATGCCCAATGACACCGAAATTTCCAGAGATGCACAAGATTTAATCGGCAAGATTCTCGTTGTAGATCCCAGGCAAAGAATAAAAATCAGAGACATCCTTAGTCATCCACTGCTAAAAAAATATCAAACCATTAAGG
chrIII	79888	7530	AAGGGCCAGTTTGAAATGCCCTATGACACCGAAATTTCCAGTGATGCACAAGATTTAATCGGCAAGATTCTCGTTGTAGATCCCAGGCAAAGAATAAAAATCAGAGACATCCTTAGTCATCCACTGCTAAAAAAATATCAAACCATTAAGG
chrIII	79890	10150	GGGCCAGTTTGAAATTCCCAATGACACCGAAATTTCCAGAGATGCACAAGATTTAATCGGCAAGATTCTCGTTGTAGATCCCAGGCAAAGAATAAAAATCAGAGACATCCTTAGTCATCCACTGCTAAAAAAATATCAAACCATTAAGGAT
chrIII	79890	10150	GGGCCAGTTTGAAATTCCCAATGACACCGAAATTTCCAGAGATGCACAAGATTTAATCGGCAAGATTCTCGTTGTAGATCCCAGGCAAAGAATAAAAATCAGAGACATCCTTAGTCATCCACTGCTAAAAAAATATCAAACCATTAAGGAT
chrIII	79891	7530	GGCCAGTTTGAAATGCCCAATGACACCGAAATTTCCAGAGATGCACAAGATTTAATCGGCAAGATTCTCGTTGTAGATCCCAGGCAAAGAATAAAAATCAGAGACATCCTTAGTCATCCACTGCTAAAAAAATATCAAACCATTAAGGA
chrIII	79891	7530	GGCCAGTTTGAAATGCCCAATGACACCGAAATTTCCAGAGATGCACAAGATTTAATCGGCAAGATTCTCGTTGTAGATCCCAGGCAAAGAATAAAAATCAGAGACATCCTTAGTCATCCACTGCTAAAAAAATATCAAACCATTAAGGAT
chrIII	79895	10150	AGTTTGAAATGCCCAATGACACCGAAATTTCCAGAGATGCACAAGATTTAATCGGCAAGATTCTCGTTGTAGATCCCAGGCAAAGAATAAAAATCAGAGACATCCTTAGTCATCCACTGCTAAAAAAATATCAAACCATTAAGGATTCCA
chrIII	79896	10150	GTTTGAAATTCCCAATGACACCGAAATTTCCAGAGATGCACAAGATTTAATCGGCAAGATTCTCGTTGTAGCTCCCAGGCAAAGAATAAAAATCAGAGACATCCTTAGTCATCCACTGCTAAAAAAATATCAAACCATTAAGGATTCCAA
chrIII	79896	70	GTTTGAAATGCCCAATGACACCGAAATTTCCAGAGATGCACAAGATTTAATCGGCAAGATTCTCGTTGTAGATCCCAGGCAAAGAATAAAAATCAGAGACATCCTTAGTCATCCACTGCTAAAAAAATATCAAACCATTAAGGATTCCAAA
chrIII	79896	2640	GTTTGAAATGCCCAATGACACCGAAATTTCCAGAGATGCACAAGATTTAATCGGCAAGATTCTCGTTGTAGATCCCAGGCAAAGAATAAAAATCAGAGACATCCTTAGTCATCCACTGCTAAAAAAATATCAAACCATTAAGGATTCCAAA
chrIII	79896	2640	GTTTGAAATGCCCAATGACACCGAAATTTCCAGAGATGCACAAGATTTAATCGGCAAGATTCTCGTTGTAGATCCCAGGCAAAGAATAAAAATCAGAGACATCCTTAGTCATCCACTGCTAAAAAAATATCAAACCATTAAGGATTCCAAA
chrIII	79896	2640	GTTTGAAATGCCCAATGACACCGAAATTTCCAGAGATGCACAAGATTTAATCGGCAAGATTCTCGTTGTAGATCCCAGGCAAAGAATAAAAATCAGAGACATCCTTAGTCATCCACTGCTAAAAAAATATCAAACCATTAAGGATTCCAAA
chrIII	79896	5150	GTTTGAAATGCCCAATGACACCGAAATTTCCAGAGATGCACAAGATTTAATCGGCAAGATTCTCGTTGTAGATCCCAGGCAAAGAATAAAAATCAGAGACATCCTTAGTCATCCACTGCTAAAAAAATATCAAACCATTAAGGATTCCAA
chrIII	79896	7530	GTTTGAAATGCCCAATGACACCGAAATTTCCAGAGATGCACAAGATTTAATCGGCAAGATTCTCGTTGTAGATCCCAGGCAAAGAATAAAAATCAGAGACATCCTTAGTCATCCACTGCTAAAAAAATATCAAACCATTAAGGATTCCAAA
chrIII	79896	7530	GTTTGAAATGCCCAATGACACCGAAATTTCCAGAGATGCACAAGATTTAATCGGCAAGATTCTCGTTGTAGATCCCAGGCAAAGAATAAAAATCAGAGACATCCTTAGTCATCCACTGCTAAAAAAATATCAAACCATTAAGGATTCCAAA
chrIII	79897	2640	TTTGAAATGCCCAATGACACCGAAATTTCCAGAGATGCACAAGATTTAATCGGCAAGATTCTCGTTGTAGATCCCAGGCAAAGAATAAAAATCAGAGACATCCTTAGTCATCCACTGCTAAAAAAATATCAAACCATTAAGGATTCCAAAA
chrIII	79897	7530	TATGAAATTCCCAATGACACCGAAATGTCCAGAGAGGCACAAGATTTAATCGGCAAGATTCTCGTTGTAGATCCCAGGCAAAGAATAAAAATCAGAGACAGCCTTAGTCATCCACTGCTAAAAAAATATCAACCCATTAAGGAGTCCAAA
chrIII	79898	7530	TTGAAATTCCCAATGACACCGAAATTTCCAGAGATGCACAAGATTTAATCGGCAAGATTCTCGTTGTAGATCCCAGGCAAAGAATAAAAATCAGAGACATCCTTAGTCATCCACTGCTAAAAAAATATCAAACCATTAAGGATTCCAAAAG
chrIII	79898	7530	TTGAAATTCCCAATGACACCGAAATTTCCAGAGATGCACAAGATTTAATCGGCAAGATTCTCGTTGTAGATCCCAGGCAAAGAATAAAAATCAGAGACATCCTTAGTCATCCACTGCTAAAAAAATATCAAACCATTAAGGATTCCAAAAG
chrIII	79898	70	TTGAAATGCCCAATGACACCGAAATTTCCAGAGATGCACAAGATTTAATCGGCAAGATTCTCGTTGTAGATCCCAGGCAAAGAATAAAAATCAGAGACATCCTTAGTCATCCACTGCTAAAAAAATATCAAACCATTAAGGATTCCAAAAG
chrIII	79898	7530	TTGAAATTCCCAATGACACCGAAATTTCCAGAGATGCACAAGATTTAATCGGCAAGATTCTCGTTGTAGATCCCAGGCAAAGAATAAAAATCAGAGACATCCTTAGTCATCCACTGCTAAAAAAATATCAAACCATTAAGGATTCCAAAAG
chrIII	79901	70	(TCGTAATGTTAGTGATTTGTTATTGATATCGCACAAGGGCCAGCTAT)AAATGCCCACTGACTCCGAAATTTCCACTGATGCACAAGATTTAATCTGCAAGATTCTCGTTGTAGATCCCAGGAAAATAATAAAAATCAGAGACATCCTTAG
chrIII	79905	70	GCCCAATGACACCGAAATTTCCAGAGATGCACAAGATTTAATCGGCAAGATTCTCGTTGTAGATCCCAGGCAAAGAATAAAAATCAGAGACATCCTTAGTCATCCACTGCTAAAAAAATATCAAACCATTAAGGATTCCAAAAGTATCAAA
chrIII	79905	2640	GCCCAATGACACCGAAATTTCCAGAGATGCACAAGATTTAATCGGCAAGATTCTCGTTGTAGATCCCAGGCAAAGAATAAAAATCAGAGACATCCTTAGTCATCCACTGCTAAAAAAATATCAAACCATTAAGGATTCCAAAAGTATCAAA
chrIII	124103	2640	CTTTTACTCAAAGTATATCTCATTCTGAGAAATGGGTGAATGTTGAGATAATTGTTGGGATTCCATTGTTGATAAAGGCTATAATATTAGGTATACAGAATATACTAGAAGTTCTCCTCGAGGGTCTAGGAATCCCCATAATGGAATCTAT
chrIII	124103	5150	CTTTTACTCAAAGTATATCTCATTCTGAGAAATGGGTGAATGTTGAGATAATTGTTGGGATTCCATTGTTGATAAAGGCTATAATATTAGGTATACAGAATATACTAGAAGTTCTCCTCGAGGGTCTAGGAATCCCCATAATGGAATCTAT
chrIII	124103	70	CTTTTACTCAAAGTATATCTCATTCTGAGAAATGGGTGAATGTTGAGATAATTGTTGGGATTCCATTGTTGATAAAGGCTATAATATTAGGTATACAGAATATACTAGAAGTTCTCCTCGAGGGTCTAGGAATCCCCATAATGGAATCTAT
chrIII	124103	2640	CTTTTACTCAAAGTATATCTCATTCTGAGAAATGGGTGAATGTTGAGATAATTGTTGGGATTCCATTGTTGATAAAGGCTATAATATTAGGTATACAGAATATACTAGAAGTTCTCCTCGAGGGTCTAGGAATCCCCATAATGGAATCTAT
chrIII	124103	5150	CTTTTACTCAAAGTATATCTCATTCTGAGAAATGGGTGAATGTTGAGATAATTGTTGGGATTCCATTGTTGATAAAGGCTATAATATTAGGTATACAGAATATACTAGAAGTTCTCCTCGAGGGTCTAGGAATCCCCATAATGGAATCTAT
chrIII	124103	1410	CTTTTACTCAAAGTATATCTCATTCTGAGAAATGGGTGAATGTTGAGATAATTGTTGGGATTCCATTGTTGATAAAGGCTATAATATTAGGTATACAGAATATACTAGAAGTTCTCCTCGAGGGTCTAGGAATCCCCATAATGGAATCTAT
chrIII	124103	2640	CTTTTACTCAAAGTATATCTCATTCTGAGAAATGGGTGAATGTTGAGATAATTGTTGGGATTCCATTGTTGATAAAGGCTATAATATTAGGTATACAGAATATACTAGAAGTTCTCCTCGAGGGTCTAGGAATCCCCATAATGGAATCTAT
chrIII	124103	2640	CTTTTACTCAAAGTATATCTCATTCTGAGAAATGGGTGAATGTTGAGATAATTGTTGGGATTCCATTGTTGATAAAGGCTATAATATTAGGTATACAGAATATACTATAAGTTCTCCTCGAGGGTCTAGGAATCCCCATAATGGAATCTAT
chrIII	124103	70	CTTTTACTCAAAGTATATCTCATTCTGAGAAATGGGTGAATGTTGAGATAATTGTTGGGATTCCATTGTTGATAAAGGCTATAATATTAGGTATACAGAATATACTAGAAGTTCTCCTCGAGGGTCTAGGAATCCCCATAATGGAATCTAT
chrIII	124103	2640	CTTTTACTCAAAGTATATCTCATTCTGAGAAATGGGTGAATGTTGAGATAATTGTTGGGATTCCATTGTTGATAAAGGCTATAATATTAGGTATACAGAATATACTAGAAGTTCTCCTCGAGGGTCTAGGAATCCCCATAATGGAATCTAT
chrIII	124103	2640	CTTTTACTCAAAGTATATCTCATTCTGAGAAATGGGTGAATGTTGAGATAATTGTTGGGATTCCATTGTTGATAAAGGCTATAATATTAGGTATACAGAATATACTAGAAGTTCTCCTCGAGGGTCTAGGAATCCCCATAATGGAATCTAT
chrIII	124103	2640	CTTTTACTCAAAGTATATCTCATTCTGAGAAATGGGTGAATGTTGAGATAATTGTTGGGATTCCATTGTTGATAAAGGCTATAATATTAGGTATACAGAATATACTAGAAGTTCTCCTCGAGGGTCTAGGAATCCCCATAATGGAATCTAT
chrIII	124105	7530	TTTACTCAAAGTATATCTCATTCTGAGAAATGGGTGAATGTTGAGATAATTGTTGGGATTCCATTGTTGATAAAGGCTATAATATTAGGTATACAGAATATACTAGAAGTTCTCCTCGAGGGTCTAGGAATCCCCATAATGGAATCTATAT
chrIII	124105	5150	TTTACTCAAAGTATATCTAATTCTGAGAAATGGGTGAATGTTGAGATAATTGTTGGGATTCCATTGTTGATAAAGGCTATAATATTAGGTATACAGAATATACTAGAAGTTCTCCTCGAGGGTCTAGGAATCCCCATAATGGAATCTAT
chrIII	124107	2640	TACTCAAAGTATATCTCATTCTGAGAAATGGGTGAATGTTGAGATAATTGTTGGGATTCCATTGTTGATAAAGGCTATAATATTAGGTATACAGAATATACTAGAAGTTCTCCTCGAGGGTCTAGGAATCCCCATAATGGAATCTATATTT
chrIII	124108	2640	ACTCTAAGTATATCTCATTCTGAGAAATGGGTGAATGGTGAGATAATTGTTGTGATTCCATTGGTGATAAAGGCTATAATATTAGGTATACAGAATATACTAGAAGTTATACTCGAGGGTCTAGGAATCCCCATAATGGAATCTATATTTC
chrIII	124108	7530	ACTCAAAGTATATCTCATTCTGAGAAATGGGTGAATGTTGAGATAATTGTTGGGATTCCATTGTTGATAAAGGCTATAATATTAGGTATACAGAATATACTAGAAGTTCTCCTCGAGGGTCTAGGAATCCCCATAATGGAATCTATATTTC
chrIII	124108	5150	ACTCAAAGTATATCTCATTCTGAGAAATGGGTGAATGTGGAGATAATTGTTGGGATTCCATTGTTGATAAAGGCTATAATATTAGGTATACAGAATATACTAGAAGTTCTCCTCGAGGGGCTAGGAATCCCCATAATGGAATCTATATTTC
chrIII	124108	1410	ACTCAAAGTATATCTCATTCTGAGAAATGGGTGAATGTTGAGATAATTGTTGGGATTCCATTGTTGATAAAGGCTATAATATTAGGTATACAGAATATACTAGAAGTTCTCCTCGATGGTCTAGGAATCCCCATAATGGAATCTATATTTC
chrIII	124108	7530	ACTCAAAGTATATCTCATTCTGAGAAATGGGTGAATGTTGAGATAATTGTTGGGATTCCATTGTTGATAAAGGCTATAATATTAGGTATACAGAATATACTAGAAGTTCTCCTCGAGGGTCTAGGAATCCCCATAATGGAATCTATATTTC
chrIII	124108	7530	ACTCCAAGAATATCTCCTGCTGAGAATTGGGTGAATGTTGAGATAATTGGTGGGCTTCCCTTGTTGATACAGGCTATAATATTAGGTATACAGAAGATACTAGACGTTCTCCACGAGGGTCTAGGAATCCCCATAATGGAATCTATATTTC
chrIII	124108	2640	ACTCAAAGTATATCTCATTCTGAGAAATGGGTGAATGTTGAGATAATTGTTGGGATTCCATTGTTGATAAAGGCTATAATATTAGGTATACAGAATATACTAGAAGTTCTCCTCGAGGGTCTAGGAATCCCCATAATGGAATCTATATTTC
chrIII	124108	70	ACTCAAAGTATATCTCATTCTGAGAAATGGGTGAATGTTGAGATAATTGTTGGGATTCCATTGTTGATAAAGGCTATAATATTAGGTATACAGAATATACTAGAAGTTCTCCTCGAGGGTCTAGGAATCCCCATAATGGAATCTATATTTC
chrIII	124108	70	ACTCAAAGTATATCTCATTCTGAGAAATGGGTGAATGTTGAGATAATTGTTGGGATTCCATTGTTGATAAAGGCTATAATATTAGGTATACAGAATATACTAGAAGTTCTCCTCGAGGGTCTAGGAATCCCCATAATGGAATCTATATTTC
chrIII	124109	7530	CTCAAAGTATATCTCATTCTGAGAAATGGGTGAATGTTGAGATAATTGTTGGGATTCCATTGTTGATAAAGGCTATAATATTAGGTATACAGAATATACTAGAAGTTCTCCTCGAGGGTCTAGGAATCCCCATAATGGAATCTATATTT
chrIII	124110	70	TCAAAGTATATCTCATTCTGAGAAATGGGTGAATGTTGAGATAATTGTTGGGATTCCATTGTTGATAAAGGCTATAATATTAGGTATACAGAATATACTAGAAGTTCTCCTCGAGGGTCTAGGAATCCCCATAATGGAATCTATATTTCTA
chrIII	124110	7530	TCAAAGTATATCTCATTCTGAGAAATGGGTGAATGTTGAGATAATTGTTGGGATTCCATTGTTGATAAAGGCTATAATATTAGGTATACAGAATATACTAGAAGTTCTCCTCGAGGGTCTAGGAATCCCCATAATGGAATCTATATTTCTA
chrIII	124111	1410	CAAAGTATATCTCATTCTGAGAAATGGGTGAATGTTGAGATAATTGTTGGGATTCCATTGTTGATAAAGGCTATAATATTAGGTATACAGAATATACTAGAAGTTCTCCTCGAGGGTCTAGGAATCCCCATAATGGAATCTATATTTCTAT
chrIII	124111	5150	CAAAGTATATCTCATTCTGAGAAATGGGTGAATGTTGAGATAATTGTTGGGATTCCATTGTTGATAAAGGCTATAATATTAGGTATACAGAATATACTAGAAGTTCTCCTCGAGGGGCTAGGAATCCCCATAATGGAATCTATATTTCTAT
chrIII	124111	1410	CAAAGTATATCTCATTCTGAGAAATGGGTGAATGTTGAGATAATTGTTGGGATTCCATTGTTGATAAAGGCTATAATATTAGGTATACAGAATATACTAGAAGTTCTCCTCGAGGGTCTAGGAATCCCCATAATGGAATCTATATTTCTA
chrIII	124113	2640	AAGTATATCTCATTCTGAGAAATGGGTGAATGTTGAGATAATTGTTGGGATTCCATTGTTGATAAAGGCTATAATATTAGGTATACAGAATATACTAGAAGTTCTCCTCGAGGGTCTAGGAATCCCCATAATGGAATCTATATTTCTATAT
chrIII	124113	10150	AAGTATATCTCATTCTGAGAAATGGGTGAATGTTGAGATAATTGTTGGGATTCCATTGTTGATAAAGGCTATAATATTAGGTATACAGAATATACTAGAAGTTCTCCTCGAGGGTCTAGGAATCCCCATAATGGAATCTATATTTCTATAT
chrIII	124113	7530	AAGTATATCTCATTCTGAGAAATGGGTGAATGTTGAGATAATTGTTGGGATTCCATTGTTGATAAAGGCTATAATATTAGGTATACAGAATATACTAGAAGTTCTCCTCGAGGGTCTAGGAATCCCCATAATGGAATCTATATTTCTATAT
chrIII	124113	7530	AAGTATATCTCATTCTGAGAAGTGGGTGAATGTGGAGATAATTGATGGGATTCCATTGTTGATAAAGGCTATAATATTAGGTCTACAGTATATACTAGAAGTTCTCCTCGAGGGTCTAGGTATCCCCATAATGG--TCTATATTT(TTCTCTAT)
chrIII	124113	70	AAGTATATCTCATTCTGAGAAATGGGTGAATGTTGAGATAATTGTTGGGATTCCATTGTTGATAAAGGCTATAATATTAGGTATACAGAATATACTAGAAGTTCTCCTCGAGGGTCTAGGAATCCCCATAATGGAATCTATATTTCTATAT
chrIII	124113	1410	AAGTATATCTCATTCTGAGAAATGGGTGAATGTTGAGATAATTGTTGGGATTCCATTGTTGATAAAGGCTATAATATTAGGTATACAGAATATACTAGAAGTTCTCCTCGAGGGTCTAGGAATCCCCATAATGGAATCTATATTTCTATAT
chrIII	124113	7530	AAGTATATCTCATTCTGAGAAATGGGTGAATGTTGAGATAATTGTTGGGATTCCATTGTTGATAAAGGCTATAATATTAGGTATACAGAATATACTAGAAGTTCTCCTCGAGGGTCTAGGAATCCCCATAATGGAATCTATATTTCTATAT
chrIII	124113	7530	AAGTATATCTCATTCTGAGAAATGGGTGAATGTTGAGATAATTGTTGGGATTCCATTGTTGATAAAGGCTATAATATTAGGTATACAGAATATACTAGAAGTTCTCCTCGAGGGTCTAGGAATCCCCATAATGGAATCTATATTTCTATAT
chrIII	124113	70	AAGTATATCTCATTCTGAGAAATGGGTGACTGTTGAGATAATTGTTGGGATTCCATTGTTGATAAAGGCTATAATATTAGGTATACAGAATATACTAGAAGTTCTCCTCGAGGGTCTAGGAATCCCCATAATGGAATCTATATTTCTATAT
chrIII	124113	7530	AAGTATATCTCATTCTGAGAAATGGGTGAATGTTGAGATAATTGTTGGGATTCCATTGTTGATAAAGGCTATAATATTAGGTATACAGAATATACTAGAAGTTCTCCTCGAGGGTCTAGGAATCCCCATAATGGAATCTATATTTCTATAT
chrIII	124113	7530	AAGTATATCTCATTCTGAGAAATGGGTGAATGTTGAGATAATTGTTGGGATTCCATTGTTGATAAAGGCTATAATATTAGGTATACAGAATATACTAGAAGTTCTCCTCGAGGGTCTAGGAATCCCCATAATGGAATCTATATTTCTATAT
chrIII	124115	70	GTATATCTCATTCTGAGAAATGGGTGAATGTTGAGATAATTGTTGGGATTCCATTGTTGATAAAGGCTATAATATTAGGTATACAGAATATACTAGAAGTTCTCCTCGAGGGTCTAGGAATCCCCATAATGGAATCTATATTTCTATATA
chrIII	124115	5150	GTATATCTCATTCTGAGAAATGGGTGAATGTTGAGATAATTGTTGGGATTCCATTGTTGATAAAGGCTATAATATTAGGTATACAGAATATACTAGAAGTTCTCCTCGAGGGTCTAGGAATCCCCATAATGGAATCTATATTTCTATATAC
chrIII	124115	2640	GTATATCTCATTCTGAGAAATGGGTGAATGTTGAGATAATTGTTGGGATTCCATTGTTGATAAAGGCTATAATATTAGGTATACAGAATATACTAGAAGTTCTCCTCGAGGGTCTAGGAATCCCCATAATGGAATCTATATTTCTATATA
chrIII	124115	7530	GTATATCTCATTCTGAGAAATGGGTGAAAGTTGAGATAATTGTTGGGATTCGATTGTTGATAAAGGCTATAATATTAGGTATACAGAATATACTAGCAGTTCTCCTCGAGGGTCTAGGAAACCCCATAATGGAATCTATATTACTCTATA
chrIII	124115	7530	GTATATCTCATTCTGAGAAATGGGTGAATGTTGAGATAATTGTTGGGATTCCATTGTTGATAAAGGCTATAATATTAGGTATACAGAATATACTAGAAGTTCTCCTCGAGGGTCTAGGAATCCCCATAATGGAATCTATATTTCTATATA
chrIII	124116	70	TATATCTCATTCTGAGAAATGGGTGAATGTTGAGATAATTGTTGGGATTCCATTGTTGATAAAGGCTATAATATTAGGTATACAGAATATACTAGAAGTTCTCCTCGAGGGTCTAGGAATCCCCATAATGGAATCTATATTTCTATATACC
chrIII	124116	7530	TATATCTCATTCTTAGAAATGGGAGATTGTTGACATAATAGTTGGGACCCCATTGTTGATAAAGGCTATTCTAATACCTATACCGAATCAACTAGACGTTCACCTCCAGGGTCTAGGACTCCACATACTGGACACTTTATTTCTATATACC
chrIII	124116	2640	TATATCTCATTCTGAGAAATGGGTGAATGTTGAGATAATTGTTGGGATTCCATTGTTGATAAAGGCTATAATATTAGGTATACAGAATATACTAGAAGTTCTCCTCGAGGGTCTAGGAATCCCCATAATGGAATCTATATTTCTATATAC
chrIII	124116	70	TATATCTCATTCTGAGAAATGGGTGAATGTTGAGATAATTGTTGGGATTCCATTGTTGATAAAGGCTATAATATTAGGTATACAGAATATACTAGAAGTTCTCCTCGAGGGTCTAGGAATCCCCATAATGGAATCTATATTTCTATATAC
chrIII	124116	2640	TATATCTCATTCTGAGAAATGGGTGAATGTTGAGATAATTGTTGGGATTCCATTGTTGATAAAGGCTATAATATTAGGTATACAGAATATACTAGAAGTTCTCCTCGAGGGTCTAGGAATCCCCATAATGGAATCTATATTTCTATATAC
chrIII	124116	70	TATATCTCATTCTGAGAAATGGGTGAATGTTGAGATAATTGTTGGGATTCCATTGTTGATAAAGGCTATAATATTAGGTATACAGAATATACTAGAAGTTCTCCTCGAGGGTCTAGGAATCCCCATAATGGAATCTATATTTCTATATAC
chrIII	124116	70	TAGATCTCATTCTGAGACATGGGTGAATGTGGAGATAATTGTTGGGATTCCCATGGTGATAAAGGCTATAATAATAGGTCTACAGAAAATACTAGAAGTTCTCCTCGAGGGTCTAGGAATCCCCATAATGGAATCTATATTTCTATATAC
chrIII	124116	2640	TATATCTCATTCTGAGAAATGGGTGAATGTTGAGATAATTGTTGGGATTCCATTGTTGATAAAGGCTATAATATTAGGTATACAGAATATACTAGAAGTTCTCCTCGAGGGTCTAGGAATCCCCATAATGGAATCTATATTTCTATATAC
chrIII	124116	7530	TATATCACATTCTGAGAAATGGTTGTATGTTGAGATATTTGTTGGGTTTCAATTGTTGATAAAGGCTATAATATTAGGTATAAAGAATATACTAGAAGTTCTCCTCTAGGGTCTAGGATTACCGTTAATGGAATCTATATTTCTATATAC
chrIII	124116	7530	TATATCTCATTCTGAGAAATGGGTGAATGTTGAGATAATTGTTGGGATTCCATTGTTGATAAAGGCTATAATATTAGGTATACAGAATATACTAGAAGTTCTCCTCGAGGGTCTAGGAATCCCCATAATGGAATCTATATTTCTATATACC
chrIII	124117	1410	ATATCTCATTCTGAGAAATGGGTGAATGTTGAGATAATTGTTGGGATTCCATTGTTGATAAAGGCTATAATATTAGGTATACAGAATATACTAGAAGTTCTCCTCGAGGGTCTAGGAATCCCCATAATGGAATCTATATTTCTATATACC
chrIII	124119	1410	ATCTCATTCTGAGAAATGGGTGAATGTTGAGATAATTGTTGGGATTCCATTGTTGATAAAGGCTATAATATTAGGTATACAGAATATACTAGAAGTTCTCCTCGAGGGTCTAGGAATCCCCATAATGGAATCTATATTTCTATATACCAAT
chrIII	124119	1410	ATCTCATTCTGAGAAATGGGTGAATGTTGAGATAATTGTTGGGATTCCATTGTTGATAAAGGCTATAATATTAGGTATACAGAATATACTAGAAGTTCTCCTCGAGGGTCTAGGAATCCCCATAATGGAATCTATATTTCTATATACCAAT
chrIII	124121	7530	CTCATTCTGAGAAATGGGTGAATGTTGAGATAATTGTTGGGATTCCATTGTTGATAAAGGCTATAATATTAGGTATACAGAATATACTAGAAGTTCTCCTCGAGGGTCTAGGAATCCCCATAATGGAATCTATATTTCTATATACCAATAT
chrIII	124121	7530	CTCATTCTGAGAAATGGGTGAATGTTGAGATAATTGTTGGGATTCCATTGTTGATAAAGGCTATAATATTAGGTATACAGAATATACTAGAAGTTCTCCTCGAGGGTCTAGGAATCCCCATAATGGAATCTATATTTCTATATACCAATAT
chrIII	124121	70	CTCATTCTGAGAAATGGGTGAATGTTGAGATAATTGTTGGGATTCCATTGTTGATAAAGGCTATAATATTAGGTATACAGAATATACTAGAAGTTCTCCTCGAGGGTCTAGGAATCCCCATAATGGAATCTATATTTCTATATACCAATAT
chrIII	124123	10150	CATTCTGAGAAATGGGTGAAGGTTGAGATATTTGTTGGGATTCCATTGTTGATAAAGGCTATAATATTAGGTATACAGAATATACTAGAAGTTCTCCTCGAGGGTCTAGGAATCCCCATAATGGAATCTATATTTCTATATACCAATA
chrIII	124123	70	CATTCTGAGAAATGGGTGAATGTTGAGATAATTGTTGGGATTCCATTGTTGATAAAGGCTATAATATTAGGTATACAGAATATACTAGAAGTTCTCCTCGAGGGTCTAGGAATCCCCATAATGGAATCTATATTTCTATATACCAATATTA
chrIII	124124	70	ATTCTGAGAAATGGGTGAATGTTGAGATAATTGTTGGGATTCCATTGTTGATAAAGGCTATAATATTAGGTATACAGAATATACTAGAAGTTCTCCTCGAGGGTCTAGGAATCCCCATAATGGAATCTATATTTCTATATACCAATATTA
chrIII	124124	70	ATTCTGAGAAATGGGTGAATGTTGAGATAATTGTTGGGATTCCATTGTTGATAAAGGCTATAATATTAGGTATACAGAATATACTAGAAGTTCTCCTCGAGGGTCTAGGAATCCCCATAATGGAATCTATATTTCTATATACCAATATTA
chrIII	124126	2640	TCTGAGAAATGGGTGAATGTTGAGATAATTGTTGGGATTCCATTGTTGATAAAGGCTATAATATTAGGTATACAGAATATACTAGAAGTTCTCCTCGAGGGTCTAGGAATCCCCATAATGGAATCTATATTTCTATATACCAATGTTACGA
chrIII	124129	10150	GAGAAATGGGTGAATGTTGAGATAATTGTTGGGATTCCATTGTTGATAAAGGCTATAATATTAGGTATACAGAATATACTAGAAGTTCTCCTCGAGGGTCTAGGAATCCCCATAATGGAATCTATATTTCTATATACCAATATTACGA
chrIII	124129	5150	GAGAAATGGGTGAATGTTGAGATAATTGTTGGGATTCCATTGTTGATAAAGGCTATAATATTAGGTATACAGAATATACTAGAAGTTCTCCTCGAGGGTCTAGGAATCCCCATAATGGAATCTATATTTCTATATACCAATATTACGA
chrIII	124129	70	GAGAAATGGGTGAATGTTGAGATAATTGTTGGGATTCCATTGTTGATAAAGGCTATAATATTAGGTATACAGAATATACTAGAAGTTCTCCTCGAGGGTCTAGGAATCCCCATAATGGAATCTATATTTCTATATACCAATATTACGATTA
chrIII	124131	2640	GAAATGGGTGAATGTTGAGATAATTGTTGGGATTCCATTGTTGATAAAGGCTATAATATTAGGTATACAGAATATACTAGAAGTTCTCCTCGAGGGTCTAGGAATCCCCATAATGGAATCTATATTTCTATATACCAATATTACGATTATT
chrIII	124132	2640	AAATGGGTGAATGTTGAGATAATTGTTGGGATTCCATTGTTGATAAAGGCTATAATATTAGGTATACAGAATATACTAGAAGTTCTCCTCGAGGGTCTAGGAATCCCCATAATGGAATCTATATTTCTATATACCAATATTACGATTATTC
chrIII	124132	70	AAATGGGTGAATGTTGAGATAATTGTTGGGATTCCATTGTTGATAAAGGCTATAATATTAGGTATACAGAATATACTAGAAGTTCTCCTCGAGGGTCTAGGAATCCCCATAATGGAATCTATATTTCTATATACCAATATTACGATTATTC
chrIII	124136	10150	GGGTGAATGTTGAGATAATTGTTGGGATTCCATTGTTGATAAAGGCTATAATATTAGGTATACAGAATATACTAGAAGTTCTCCTCGAGGGTCTAGGAATCCCCATAATGGAATCTATATTTCTATATACCAATATTACGATTATTCCTC
chrIII	124136	7530	GGGTGAATGTTGAGATAATTGTTGGGATTCCATTGTTGATAAAGGCTATAATATTAGGTATACAGAATATACTAGAAGTTCTCCTCGAGGGTCTAGGAATCCCCATAATGGAATCTATATTTCTATATACCAATATTACGATTATTCCTC
chrIII	124137	5150	GGTGAATGTTGAGATAATTGTTGGGATTCCATTGTTGATAAAGGCTATAATATTAGGTATACAGAATATACTAGAAGTTCTCCTCGAGGGTCTAGGAATCCCCATAATGGAATCTATATTTCTATATACCAATATTACGATTATTCCTCAT
chrIII	124137	5150	GGTGAATGTTGAGATAATTGTTGGGATTCCATTGTTGATAAAGGCTATAATATTAGGTATACAGAATATACTAGAAGTTCTCCTCGAGGGTCTAGGAATCCCCATAATGGAATCTATATTTCTATATACCAATATTACGATTATTCCTCAT
chrIII	124142	70	ATGTTGAGATAATTGTTGGGATTCCATTGTTGATAAAGGCTATAATATTAGGTATACAGAATATACTAGAAGTTCTCCTCGAGGGTCTAGGAATCCCCATAATGGAATCTATATTTCTATATACCAATATTACGATTATTCCTCATTCCGT
chrIII	124142	7530	ATGTTGAGATAATTGTTGGGATTCCATTGTTGATAAAGGCTATAATATTAGGTATACAGAATATACTAGAAGTTCTCCTCGAGGGTCTAGGAATCCCCATAATGGAATCTATATTTCTATATACCAATATTACGATTATTCCTCATTCCGT
chrIII	124142	7530	ATGTTGAGATAATTGTTGGGATTCCATTGTTGATAAAGGCTATAATATTAGGTATACAGAATATACTAGAAGTTCTCCTCGAGGGTCTAGGAATCCCCATAATGGAATCTAAATTTCTATATACCAATATTACGATTATTCCTCATTCCGT
chrIII	124143	1410	TGTTGAGATAATTGTTGGGATTCCATTGTTGATAAAGGCTATAATATTAGGTATACAGAATATACTAGAAGTTCTCCTCGAGGGTCTAGGAATCCCCATAATGGAATCTATATTTCTATATACCAATATTACGATTATTCCTCATTCCGTT
chrIII	124144	70	GTTTAGATAATTGTTCGTATTCGAGTGTTGATAAAGGCGATAATATTATGTATACAGAATATACTATAAGTTCTCATCGATGGTATAGTAAACAACATAATGCAATCAATATTTCTATATACCAATATTACGATTATT(AAACATTACTATA)
chrIII	124148	5150	AGATAATTGTTGGGATTCCATTGTTGATAAAGGCTATAATATTAGGTATACAGAATATACTAGAAGTTCTCCTCGAGGGTCTAGGAATCCCCATAATGGAATCTATATTTCTATATACCAATATTACGATTATTCCTCATTCCGTTTTAT
chrIII	124149	5150	GATAATTGTTGGGATTCCATTGTTGATAAAGGCTATAATATTAGGTATACAGAATATACTAGAAGTTCTCCTCGAGGGTCTAGGAATCCCCATAATGGAATCTATATTTCTATATACCAATATTACGATTATTCCTCATTCCGTTTTATAT
chrIII	124149	5150	GATAATTGTTGGGATTCCATTGTTGATAAAGGCTATAATATTAGGTATACAGAATATACTAGAAGTTCTCCTCGAGGGTCTAGGAATCCCCATAATGGAATCTATATTTCTATATACCAATATTACGATTATTCCTCATTCCGTTTTATAT
chrIII	124150	2640	ATAATTGTTGGGATTCCATTGTTGATAAAGGCTATAATATTAGGTATACAGAATATACTAGAAGTTCTCCTCGAGGGTCTAGGAATCCCCATAATGGAATCTATATTTCTATATACCAATATTACGATTATTCCTCATTCCGTTTTATATG
chrIII	124150	70	ATAATTGTTGGGATTCCATTGTTGATAAAGGCTATAATATTAGGTATACAGAATATACTAGAAGTTCTCCTCGAGGGTCTAGGAATCCCCATAATGGAATCTATATTTCTATATACCAATATTACGATTATTCCTCATTCCGTTTTATAT
chrIII	124151	2640	TAATTGTTGGGATTCCATTGTTGATAAAGGCTATAATATTAGGTATACAGAATATACTAGAAGTTCTCCTCGAGGGTCTAGGAATCCCCATAATGGAATCTATATTTCTATATACCAATATTACGATTATTCCTCATTCCGTTTTATATGT
chrIII	124151	5150	TAATTGTTGGGATTCCATTGTTGATAATGGCTATAATATTAGGTATACAGAATATACTAGAAGTTCTCCTCGAGGGTCTAGGAATCCCCATAATGGAATCTATATTTCTATATACCAATATTACGATTATTCCTCATTCCGTTTTATATGT
chrIII	124152	7530	(TG)AATTGTTGGTATTACATTGTTGATATAGGCGTTAATATTAGGTATACAGAATATACTAGAAGTTCTCCTCGATGGTCTAGGAAGCCCCCTAATGGAATCTATATTTCTATATACCAATATTACGATTATTCCTCTTTCCGTTTTTTATG
chrIII	124152	70	AATTGTTGGGATTCCATTGTTGATAAAGGCTATAATATTAGGTATACAGAATATACTAGAAGTTCTCCTCGAGGGTCTAGGAATCCCCATAATGGAATCTATATTTCTATATACCAATATTACGATTATTCCTCATTCCGTTTTATATGTT
chrIII	124152	10150	AATTGTTGGGATTCCATTGTTGATAAAGGCTATAATATTAGGTATACAGAATATACTAGAAGTTCTCCTCGAGGGTCTAGGAATCCCCATAATGGAATCTATATTTCTATATACCAATATTACGATTATTCCTCATTCCGTTTTATATGTT
chrIII	124153	2640	ATTGTTGGGATTCCATTGTTGATAAAGGCTATAATATTAGGTATACAGAATATACTAGAAGTTCTCCTCGAGGGTCTAGGAATCCCCATAATGGAATCTATATTTCTATATACCAATATTACGATTATTCCTCATTCCGTTTTATATGTTT
chrIII	124153	2640	ATTGTTGGGATTCCATTGTTGATAAAGGCTATAATATTAGGTATACAGAATATACTAGAAGTTCTCCTCGAGGGTCTAGGAATCCCCATAATGGAATCTATATTTCTATATACCAATATTACGATTATTCCTCATTCCGTTTTATATGTTT
chrIII	124156	5150	GTTGGGATTCCATTGTTGATAAAGGCTATAATATTAGGTATACAGAATATACTAGAAGTTCTCCTCGAGGGTCTAGGAATCCCCATAATGGAATCTATATTTCTATATACCAATATTACGATTATTCCTCATTCCGTTTTATATGTTTCAT
chrIII	124160	70	GGATTCCATTGTTGATAAAGGCTATAATATTAGGTATACAGAATATACTAGAAGTTCTCCTCGAGGGTCTAGGAATCCCCATAATGGAATCTATATTTCTATATACCAATATTACGATTATTCCTCATTCCGTTTTATATGTTTCATTAT
chrIII	124160	1410	GGATTCCATTGTTGATAAAGGCTATAATATTAGGTATACAGAATATACTAGAAGTTCTCCTCGAGGGTCTAGGAATCCCCATAATGGAATCTATATTTCTATATACCAATATTACGATTATTCCTCATTCCGTTTTATATGTTTCATTATC
chrIII	124161	2640	GATTCCATTGTTGATAAAGGCTATAATATTAGGTATACAGAATATACTATAAGTTCTCCTCGAGGGTCTAGGAATAACCATAATTGAATCTATATTTCTATATACCAATATTACGATTATTCCTCATTCCGTTTTATATGTTTCATTATC
chrIII	124161	10150	GATTCCATTGTTGATAAAGGCTATAATATTAGGTATACAGAATATACTAGAAGTTCTCCTCGAGGGTCTAGGAATCCCCATAATGGAATCTATATTTCTATATACCAATATTACGATTATTCCTCATTCCGTTTTATATGTTTCATTATCC
chrIII	124162	2640	TTTCCTTTGTTGATTAAGGCTTTAATATTATGTATACAGACTATACTAGAAGTTCTCCTCGAGGGTCTAGGAATCCCCATCATGGTATCTATATTTCTATATAGCAATATTACGATTATTCCTGATTCCGTTTTATATGTTTCATTATCC
chrIII	124162	7530	ATTCCATTGTTGATAAAGGCTATAATATTAGGTATACAGAATATACTAGAAGTTCTCCTCGAGGGTCTAGGAATCCCCATAATGGAATCTATATTTCTATATACCAATATTACGATTATTCCTCATTCCGTTTTATATGTTTCATTATCC
chrIII	124162	70	ATTCCATTGTTGATAAAGGCTATAATATTAGGTATACAGAATATACTAGAAGTTCTCCTCGAGGGTCTAGGAATCCCCATAATGGAATCTATATTTCTATATACCAATATTACGATTATTCCTCATTCCGTTTTATATGTTTCATTATCC
chrIII	124162	70	ATTCCATTGTTGATAAAGGCTATAATATTAGGTATACAGAATATACTAGAAGTTCTCCTCGAGGGTCTAGGAATCCCCATAATGGAATCTATATTTCTATATACCAATATTACGATTATTCCTCATTCCGTTTTATATGTTTCATTATCC
chrIII	124162	2640	ATTCCATTGTTGATAAAGGCTATAATATTAGGTATACAGAATATACTAGAAGTTCTGCTCGAGGGTCTAGGAATCCCCATAATGGAATCTATATTTCTATATACCAATATTACGATTATTCCTCATTCCGTTTTATATGTTTCATTATCC
chrIII	124162	70	ATTCCATTGTTGATAAAGGCTATAATATTAGGTATACAGAATATACTAGAAGTTCTCCTCGAGGGTCTAGGAATCCCCATAATGGAATCTATATTTCTATATACCAATATTACGATTATTCCTCATTCCGTTTTATATGTTTCATTATCC
chrIII	124162	7530	ATTCCATTGTTGATAAAGGCTATAATATTAGGTATACAGAATATACTAGAAGTTCTCCTCGAGGGTCTAGGAATCCCCATAATGGAATCTATATTTCTATATACCAATATTACGATTATTCCTCATTCCGTTTTATATGTTTCATTATCC
chrIII	124162	7530	ATTCCATTGTTGATAAAGGCTATAATATTAGGTATACAGAATATACTAGAAGTTCTCCTCGAGGGTCTAGGAATCCCCATAATGGAATCTATATTTCTATATACCAATATTACGATTATTCCTCATTCCGTTTTATATGTTTCATTATCC
chrIII	124162	7530	ATTCCATTGTTGATAAAGGCTATAATATTAGGTATACAGAATATACTAGAAGGTCTCCTCGAGGGTCTAGGAATCCCCATAATGGAATCTATATTTCTATATACCAATATTACGATTATTCCTCATTCCGTATTATATGTTTCATTATGC
chrIII	124162	7530	ATTCCATTGTAGATAAAGGCTATACTTTTATGAATACAGAATATACTAGAAGTTCTCCTCGATGGTCTAGGAATCCCCATAATGCAATCTATTTTTCTTTATACCAATATTACGATTATTCCTCATTCCGTTTTATATGTTTCTTTAACC
chrIII	124163	5150	TTCCATTGTTGATAAAGGCTATAATATTAGGTATACAGAATATACTAGAAGTTCTCCTCGAGGGTCTAGGAATCCCCATAATGGAATCTATATTTCTATATACCAATATTACGATTATTCCTCATTCCGTTTTATATGTTTCATTATCCT
chrIII	124163	70	TTCCATTGTTGATAAAGGCTATAATATTAGGTATACAGAATATACTAGAAGTTCTCCTCGAGGGTCTAGGAATCCCCATAATGGAATCTATATTTCTATATACCAATATTACGATTATTCCTCATTCCGTTTTATATGTTTCATTATCCTA
chrIII	124165	7530	CCATTGTTGATAAAGGCTATAATATTAGGTATACAGAATATACTAGAAGTTCTCCTCGAGGGTCTAGGAATCCCCATAATGGAATCTATATTTCTATATACCAATATTACGATTATTCCTCATTCCGTTTTATATGTTTCATTATCCTATT
chrIII	124166	70	CATTGTTGATAAAGGCTATAATATTAGGTATACAGAATATACTAGAAGTTCTCCTCGAGGGTCTAGGAATCCCCATAATGGAATCTATATTTCTATATACCAATATTACGATTATTCCTCATTCCGTTTTATATGTTTCATTATCCTATTA
chrIII	124166	7530	CATTGTTGATAAAGGCTATAATATTAGGTATACAGAATATACTAGAAGTTCTCCTCGAGGGTCTAGGAATCCCCATTATGGAATTTATATTTCTTTATACCAATATTACGATTATTCCTCATTCCGTTTTATCTGTTTCATTATCCTATTA
chrIII	124167	2640	ATTGTTGATAAAGGCTATAATATTAGGTATACAGAATATACTAGAAGTTCTCCTCGAGGGTCTAGGAATCCCCATAATGGAATCTATATTTCTATATACCAATATTACGATTATTCCTCATTCCGTTTTATATGTTTCATTATCCTATTAC
chrIII	124167	70	ATTGTTGATAAAGGCTATAATATTAGGTATACAGAATATACTAGAAGTTCTCCTCGAGGGTCTAGGAATCCCCATAATGGAATCTATATTTCTATATACCAATATTACGATTATTCCTCATTCCGTTTTATATGTTTCATTATCCTATTA
chrIII	124167	2640	ATTGTTGATAAAGGCTATAATATTAGGTATACAGAATATACTAGAAGTTCTCCTCGAGGGTCTAGGAATCCCCATAATGGAATCTATATTTCTATATACCAATATTACGATTATTCCTCATTCCGTTTTATATGTTTCATTATCCTATTAC
chrIII	124167	70	(TTGATTAATGTGTTATTGTTGAGTTATTTGTTGTGATTAG)ATTGTTGATTATGGCTCTAATATTAGGTATAAATAATATACAACAATTTCTCCTCGAGGTTCTAGGTATCGCCATAATTGAATCTATTTATGTTTATACCAATATTACGA
chrIII	124167	1410	ATTGTTGATAAAGGCTATAATATTAGGTATACAGAATATACTAGAAGTTCTCCTCGAGGGTCTAGGAATCCCCATAATGGAATCTATATTTCTATATACCAATATTACGATTATTCCTCATTCCGTTTTATATGTTTCATTATCCTATTAC
chrIII	124167	7530	ATTGTTGATAAAGGCTATAATATTAGGTATACAGAATATACTAGAAGTTCTCCTCGAGGGTCTAGGAATCCCCATAATGGAATCTATATTTCTATATACCAATATTACGATTATTCCTCATTCCGTTTTATATGTTTCATTATCCTATTAC
chrIII	124168	70	TTGTTGATAAAGGCTATAATATTAGGTATACAGAATATACTAGAAGTTCTCCTCGAGGGTCTAGGAATCCCCATAATGGAATCTATATTTCTATATACCAATATTACGATTATTCCTCATTCCGTTTTATATGTTTCATTATCCTATTACA
chrIII	124169	70	TGTTGATAAAGGCTATAATATTAGGTATACAGAATATACTAGAAGTTCTCCTCGAGGGTCTAGGAATCCCCATAATGGAATCTATATTTCTATATACCAATATTACGATTATTCCTCATTCCGTTTTATATGTTTCATTATCCTATTACAT
chrIII	124169	2640	TGTTGATAAAGGCTATAATATTAGGTATACAGAATATACTAGAAGTTCTCCTCGAGGGTCTAGGAATCCCCATAATGGAATCTATATTTCTATATACCAATATTACGATTATTCCTCATTCCGTTTTATATGTTTCATTATCCTATTACAT
chrIII	124169	2640	TGTTGATATAGGCTATACTATTAGGTATACAGAATATACTAGAAGTTCTCCTCGAGGGTCTAGGAATCCCCATAATGGAATCTATATTTCTATATACCAATATTACGATTATTCCTCATTCCGTTTTATATGTTTCATTATCCTATTACAT
chrIII	124169	2640	TGTTGATAAAGGCTATAATATTAGGTATACAGAATATACTAGAAGTTCTCCTCGAGGGTCTAGGAATCCCCATAATGGAATCTATATTTCTATATACCAATATTACGATTATTCCTCATTCCGTTTTATATGTTTCATTATCCTATTACAT
chrIII	124170	5150	GTTGATAAAGGCTATAATATTAGGTATACAGAATATACTAGAAGTTCTCCTCGAGGGTCTAGGAATCCCCATAATGGAATCTATATTTCTATATACCAATATTACGATTATTCCTCATTCCGTTTTATATGTTTCATTATCCTATTACAT
chrIII	124170	5150	GTTGATAAAGGCTATAATATTAGGTATACAGAATATACTAGAAGTTCTCCTCGAGGGTCTAGGAATCCCCATAATGGAATCTATATTTCTATATACCAATATTACGATTATTCCTCATTCCGTTTTATATGTTTCATTATCCTATTACAT
chrIII	124170	5150	GTTGATAAAGGCTATAATATTAGGTATACAGAATATACTAGAAGTTCTCCTCGAGGGTCTAGGAATCCCCATAATGGAATCTATATTTCTATATACCAATATTACGATTATTCCTCATTCCGTTTTATATGTTTCATTATCCTATTACAT
chrIII	124170	5150	GTTGATAAAGGCTATAATATTAGGTATACAGAATATACTAGAAGTTCTCCTCGAGGGTCTAGGAATCCCCATAATGGAATCTATATTTCTATATACCAATATTACGATTATTCCTCATTCCGTTTTATATGTTTCATTATCCTATTACAT
chrIII	124170	5150	GTTGATAAAGGCTATAATATTAGGTATACAGAATATACTAGAAGTTCTCCTCGAGGGTCTAGGAATCCCCATAATGGAATCTATATTTCTATATACCAATATTACGATTATTCCTCATTCCGTTTTATATGTTTCATTATCCTATTACAT
chrIII	124170	5150	GTTGATAAAGGCTATAATATTAGGTATACAGAATATACTAGAAGTTCTCCTCGAGGGTCTAGGAATCCCCATAATGGAATCTATATTTCTATATACCAATATTACGATTATTCCTCATTCCGTTTTATATGTTTCATTATCCTATTACTT
chrIII	124171	2640	(ATTATTTTTGGTATTCTATTT)TTGATAAAGGCTATAATATTAGTTATACTGAATATACTAGAAGTTATCCTAGAGGGTATAGGTATCACCATAATGGAATATTTATTTCTATATAACAATATTACGATTATTCATCATTC(ATTTTTATAT)
chrIII	124172	2640	TGATAAAGTCAATAATATTAGGTATACAGAATATGCTCGAAGATCTCCTCGAGGGTCTAGGAATCCCCATAATGGTATGTAGATATCTATATACCTATATTACGTTTATTCCTCATTCCGTGTTAGATGTTTCATAATCCTATTTCATT
chrIII	124173	1410	GATAAAGGCTATAATATTAGGTATACAGAATATACTAGAAGTTCTCCTCGAGGGTCTAGGAATCCCCATAATGGAATCTATATTTCTATATACCAATATTACGATTATTCCTCATTCCGTTTTATATGTTTCATTATCCTATTACATTATC
chrIII	124174	1410	ATAAAGGCTATAATATTAGGTATACAGAATATACTAGAAGTTCTCCTCGAGGGTCTAGGAATCCCCATAATGGAATCTATATTTCTATATACCAATATTACGATTATTCCTCATTCCGTTTTATATGTTTCATTATCCTATTACATTATCA
chrIII	124174	5150	ATAAAGGCTATAATATTAGGTATACAGAATATACTAGAAGTTCTCCTCGAGGGGCTAGGAATCCCCATAATGGAATCTATATTTCTATATACCAATATTACGATTATTCCTCATTCCGTTTTATATGTTTCATTATCCTATTACATTATCA
chrIII	124175	2640	TAAAGGCTATAATATTAGGTATACAGAATATACTAGAAGTTCTCCTCGAGGGTCTAGGAATCCCCATAATGGAATCTATATTTCTATATACCAATATTACGATTATTCCTCATTCCGTTTTATATGTTTCATTATCCTATTACATTATCAA
chrIII	124177	5150	AAGGCTATAATATTAGGTATACAGAATATACTAGAAGTTCTCCTCGAGGGTCTAGGAATCCCCATAATGGAATCTATATTTCTATATACCAATATTACGATTATTCCTCATTCCGTTTTATATGTTTCATTATCCTATTACATTATCAATC
chrIII	124177	5150	AAGGCTATAATATTAGGTATACAGAATATACTAGAAGTTCTCCTCGAGGGTCTAGGAATCCCCATAATGGAATCTATATTTCTATATACCAATATTACGATTATTCCTCATTCCGTTTTATATGTTTCATTATCCTATTACATTATCAATC
chrIII	124178	2640	AGGCTATAATATTAGGTATACAGAATATACTAGAAGTTCTCCTCGAGGGTCTAGGAATCCCCATAATGGAATCTATATTTCTATATACCAATATTACGATTATTCCTCATTCCGTTTTATATGTTTCATTATCCTATTACATTATCAATC
chrIII	124179	70	GGCTATAATATTAGGTATACAGAATATACTAGAAGTTCTCCTCGAGGGTCTAGGAATCCCCATAATGGAATCTATATTTCTATATACCAATATTACGATTATTCCTCATTCCGTTTTATATGTTTCATTATCCTATTACATTATCAATC
chrIII	124179	1410	GGCTATAATATTAGGTATACAGAATATACTAGAAGTTCTCCTCGAGGGTCTAGGAATCCCCATAATGGAATCTATATTTCTATATACCAATATTACGATTATTCCTCATTCCGTTTTATATGTTTCATTATCCTATTACATTATCAATCCT
chrIII	124179	7530	GGCTATAATATTAGGTATACAGAATATACTAGAAGTTCTCCTCGAGGGTCTAGGAATCCCCATAATGGAATCTATATTTCTATATACCAATATTACGATTATTCCTCATTCCGTTTTATATGTTTCATTATCCTCTTACATTATCAATC
chrIII	124179	2640	GGCTATAATATTAGGTATACAGAATATACTAGAAGTTCTCCTCGAGGGTCTAGGAATCCCCATAATGGAATCTATATTTCTATATACCAATATTACGATTATTCCTCATTCCGTTTTATATGTTTCATTATCCTATTACATTATCAATC
chrIII	124179	7530	GGCTATAATATTAGGTATACAGAATATACTAGAAGTTCTCCTCGAGGGTCTAGGAATCCCCATAATGGAATCTATATTTCTATATACCAATATTACGATTATTCCTCATTCCGTTTTATATGTTTCATTATCCTATTACATTATCAATC
chrIII	124179	70	GGCTATAATATTAGGTATACAGAATATACTAGAAGTTCTCCTCGAGGGTCTAGGAATCCCCATAATGGAATCTATATTTCTATATACCAATATTACGATTATTCCTCATTCCGTTTTATATGTTTCAGTATCCTATTACATTATCAATC
chrIII	124179	70	GGCTATAATATTAGGTATACAGAATATACTAGAAGTTCTCCTCGAGGGTCTAGGAATCCCCATAATGGAATCTATATTTCTATATACCAATATTACGATTATTCCTCATTCCGTTTTATATGTTTCATTATCCTATTACATTATCAATC
chrIII	124179	10150	GGCTATAATATTAGGTATACAGAATATACTAGAAGTTCTCCTCGAGGGTCTAGGAATCCCCATAATGGAATCTATATTTCTATATACCAATATTACGATTATTCCTCATTCCGTTTTATATGTTTCATTATCCTATTACATTATCAATCCT
chrIII	124179	10150	GGCTATAATATTAGGTATACAGAATATACTAGAAGTTCTCCTCGAGGGTCTAGGAATCCCCATAATGGAATCTATATTTCTATTTACCAATATTACGATTATTCCTCATTCCGTTTTATATGTTTCATTATCCTATTACATTATCAATCCT
chrIII	124180	70	GCTATAATATTAGGTATACAGAATATACTAGAAGTTCTCCTCGAGGGTCTAGGAATCCCCATAATGGAATCTATATTTCTATATACCAATATTACGATTATTCCTCATTCCGTTTTATATGTTTCATTATCCTATTACATTATCAATCC
chrIII	124181	2640	CTATAATATTAGGTATACAGAATATACTAGAAGTTCTCCTCGAGGGTCTAGGAATCCCCATAATGGAATCTATATTTCTATATACCAATATTACGATTATTCCTCATTCCGTTTTATATGTTTCATTATCCTATTACATTATCAATCCTTA
chrIII	124181	2640	CTATAATATTAGGTATACAGAATATACTAGAAGTTCTCCTCGAGGGTCTAGGAATCCCCATAATGGAATCTATATTTCTATATACCAATATTACGATTATTCCTCATTCCGTTTTATATGTTTCATTATCCTATTACATTATCAATCCTTA
chrIII	124181	7530	CTATAAAATAAGGTATACAGAATATACTAGAAGTTATCCTCCAGGGTCTAGGAAACCCCATAATGGAATCTATATTTCTATATACCAAAAATACGAATATTCCTCATGCCGTATAATATGATTCATTATCCAATTACATTATCAATCCATA
chrIII	124183	7530	ATAATATTAGGTATACAGAATATACTAGAAGTTCTCCTCGAGGGTCTAGGAATCCCCATAATGGAATCTATATTTCTATATACCAATATTACGATTATTCCTCATTCCGTTTTATATGTTTCATTATCCTATTACATTATCAATCCTTACA
chrIII	124183	5150	ATAATATTAGGTATACAGAATATACTAGAAGTTCTCCTCGAGGGTCTAGGAATCCCCATAATGGAATCTATATTTCTATATACCAATATTACGATTATTCCTCATTCCGTTTTATATGTTTCATTATCCTATTACATTATCAATCCTTAC
chrIII	124183	7530	ATAATATTAGGTATACAGAATATACTAGAAGTTCTCCTCGAGGGTCTAGGAATCCCCATAATGGAATCTATATTTCTATATACCAATATTACGATTATTCCTCATTCCGTTTTATATGTTTCATTATCCTATTACATTATCAATCCTTACA
chrIII	124184	7530	CAATATTAGGTATACAGAATATACTAGAAGTTCTCCTCGAGGGTCTAGGAATCCCCATAATGGAATCTATATTTCTATATACCAATATTACGATTATTCCTCATTCCGTTTTATATGTTTCATTATCCTATTACATTATCAATCCTTACA
chrIII	124184	70	TAATATTAGGTATACAGAATATACTAGAAGTTCTCCTCGAGGGTCTAGGAATCCCCATAATGGAATCTATATTTCTATATACCAATATTACGATTATTCCTCATTCCGTTTTATATGTTTCATTATCCTATTACATTATCAATCCTTACAC
chrIII	124184	2640	TATTAATAGGTATAGAGTATATACTAGTAGTTCTCCTCGAGGCACTAGTAATCCCCCTAATGGAATCTAAATTTCTATATACCAATATTACGATTATTCC(ACTTTCATTTTTATCTGTTTGTTTTTCCTATTACTTTATCATTCCTTAACC)
chrIII	124184	2640	TAATATTAGGTATACAGAATATACTAGAAGTTCTCCTCGAGGGTCTAGGAATCCCCATAATGGAATCTATATTTCTATATACCAATATTACGATTATTCCTCATTCCGTTTTATATGTTTCATTATCCTATTACATTATCAATCCTTACAC
chrIII	124184	2640	TAATATTAGGTATACAGAATATACTAGAAGTTCTCCTCGAGGGTCTAGGAATCCCCATAATGGAATCTATATTTCTATATACCAATATTACGATTATTCCTCATTCCGTTTTATATGTTTCATTATCCTATTACATTATCAATCCTTACAC
chrIII	124184	2640	TAATTTTAGGTATAGAGATTAGTCTAGTAGTGCTCCTCGAGGGTCTAGGATTCGCCATTTTGGAAACTATATTTCTATATACCAATATTACGATTATTCCTCATTCGGTTTTTTTTGTTTCTTTATCCTTTTACTTTATGATTCCTTACAC
chrIII	124184	7530	CAATATTAGGTATACAGAATATACTAGAAGTTCTCCTCGAGGGTCTAGGAATCCCCATAATGGAATCTATATTTCTATATACCAATATTACGATTATTCCTCATTCCGTTTTATATGTTTCATTATCCTATTACATTATCAATCCTTACA
chrIII	124184	7530	CAATATTAGGTATACAGAATATACTAGAAGTTCTCCTCGAGGGTCTAGGAATCCCCATAATGGAATCTATATTTCTATATACCAATATTACGATTATTCCTCATTCCGTTTTATATGTTTCATTATCCTATTACATTATCAATCCTTACA
chrIII	124185	70	ATTATTAGTTATTCAGAATATACTAGAAGTTCTCCTCGAGGGTCTAGGATTCCCCATAATGGAATCTATATTTATATATACCAATATTACGAATATTCCTCATTGCGTTTTATATGTTACATTATCCTATTACATTATCAATCCTTTCACT
chrIII	124185	7530	(ATACATGATTCGAGAAAAGCAAC)AATATGAGGTATACAGAATATACTAGAAGTTCTCCTCGAGGGTCTAGGAATCCCCATAATGGAATCTATATTTCTATATACCAATATTACGATTATTCCTCATTCCGTTTTATATGTTTCATTATCC
chrIII	124185	1410	AATATTAGGTATACAGAATATACTAGAAGTTCTCCTCGAGGGTCTAGGAATCCCCATAATGGAATCTATATTTCTATATACCAATATTACGATTATTCCTCATTCCGTTTTATATGTTTCATTATCCTATTACATTATCAATCCTTACACT
chrIII	124185	7530	AATATTAGGTATACAGAATATACTAGAAGTTCTCCTCGAGGGTCTAGGAATCCCCATAATGGAATCTATATTTCTATATACCAATATTACGATTATTCCTCATTCCGTTTTATATGTTTCATTATCCTATTACATTATCAATCCTTACA
chrIII	124185	70	AATAGTATGTATACAGAATATACTAGTAGTTCTCCTCGAGGGTCTAGGAATCCCCAAAAGCGAATCTATATTTCTATATACCAATATTACGATTATTCCTCATTCCGATTTATCTCTTTCATTATCATATTAAATTATAAATCAATACA
chrIII	124185	2640	AATATTAGGTATACAGAATATACTAGAAGTTCTCCTCGAGGGTCTAGGAATCCCCATAATGGAATCTATATTTCTATATACCAATATTACGATTATTCCTCATTCCGTTTTATATGTTTCATTATCCTATTACATTATCAATCGTTACA
chrIII	124185	7530	AATATTAGGTATACAGAATATACTAGAAGTTCTCCTCGAGGGTCTAGGAATCCCCATAATGGAATCTATATTTCTATATACCAATATTACGATTATTCCTCATTCCGTTTTATATGTTTCATTATCCTATTACATTATCAATCCTTACA
chrIII	124185	7530	(TGATACATGATTCGAGAAAAGCGAC)AATATTAGGTATACAGAATATACTAGAAGTTCTCCTCGAGGGTCTAGGAATCCCCATAATGGAATCTATATTTCTATATACCAATATTACGATTATTCCTCATTCCGTTTTATATGTTTCATTAT
chrIII	124185	1410	AATATTAGGTATACAGAATATACTAGAAGTTCTCCTCGAGGGTCTAGGAATCCCCATAATGGAATCTATATTTCTATATACCAATATTACGATTATTCCTCATTCCGTTTTATATGTTTCATTATCCTATTACATTATCAATCCTTACAC
chrIII	124186	1410	ATATTAGGTATACAGAATATACTAGAAGTTCTCCTCGAGGGTCTAGGAATCCCCATAATGGAATCTATATTTCTATATACCAATATTACGATTATTCCTCATTCCGTTTTATATGTTTCATTATCCTATTACATTATCAATCCTTACACTT
chrIII	124186	2640	ATATTAGGTATACAGAATATACTAGAAGTTCTCCTCGAGGGTCTAGGAATCCCCATAATGGAATCTATATTTCTATATACCAATATTACGATTATTCCTCATTCCGTTTTATATGTTTCATTATCCTATTACATTATCAATCCTTACACTT
chrIII	124186	5150	ATATTAGGTATACAGAATATACTAGAAGTTCTCCTCGAGGGTCTAGGAATCCCCATAATGGAATCTATATTTCTATATACCAATATTACGATTATTCCTCATTCCGTTTTATATGTTTCATTATCCTATTACATTATCAATCCTTACACTT
chrIII	124186	1410	ATATTAGGTATACAGAATATACTAGAAGTTCTCCTCGAGGGTCTAGGAATCCCCATAATGGAATCTATATTTCTATATACCAATATTACGATTATTCCTCATTCCGTTTTATATGTTTCATTATCCTATTACATTATCAATCCTTACACTT
chrIII	124186	7530	ATATTAGGTATACAGAATATACTAGAAGTTCTCCTCGAGGGTCTAGGAATCCCCATAATGGAATCTATATTTCTATATACCAATATTACGATTATTCCTCATTCCGTTTTATATGTTTCATTATCCTATTACATTATCAATCCTTACACTT
chrIII	124186	2640	ATATTAGGTATACAGAATATACTAGAAGTTCTCCTCGAGGGTCTAGGACTCCCCATAATGGAATCTATCTTTCTATATACCAAAATTACGATTCTTCCTCAGTCCGATTTATATGTTTCATTATCCTATTACTTTATCAAACCTTACACTA
chrIII	124186	70	ATATTAGTTATACAGAATATACTAGAAGTTCTCCTCGAGGGTCTAGGAAACCCCATAATGGAATCTATATTTCTATATACCAATATTACGATTATTCCTCATTCCGTTTTATATGTTTCAATATCCTATTACATTATCAATACTTACACTT
chrIII	124186	10150	ATATCAGGTATACAGAATATACTAGAAGTTCTCCTCGAGGGTCTAGGAATCCCCATAATGGAATCTATATTTCTATATACCAATATTACGATTATTCCTCATTCCGTTTTATATGTTTCATTATCCTATTACATTATCAATCCTTACACTT
chrIII	124186	2640	ATATTAGGTATACAGAATATACTAGAAGTTCTCCTCGAGGGTCTAGGAATCCCCATAATGGAATCTATATTTCTATATACCAATATTACGATTATTCCTCATTCCGTTTTATATGTTTCATTATCCTATTACATTATCAATCCTTACACTT
chrIII	124186	70	ATATTAGGTATACAGAATATACTAGAAGTTCTCCTCGAGGGTCTAGGAATCCCCATAATGGAATCTATATTTCTATATACCAATATTACGATTATTCCTCATTCCGTTTTATATGTTTCATTATCCTATTACATTATCAATCCTTACACTT
chrIII	124186	2640	ATATTAGGTATACAGAATATACTAGAAGTTCTCCTCGAGGGTCTAGGAATCCCCATAATGGAATCTATATTTCTATATACCAATATTACGATTATTCCTCATTCCGTTTTATATGTTTCATTATCGTATTACATTATCAATCCTTAC(TCTA)
chrIII	124186	7530	ATATTAGGTATACAGAATATACTAGAAGTTCTCCTCGAGGGTCTAGGAATCCCCATAATGGAATCTATATTTCTATATACCAATATTACGATTATTCCTCATTCCGTTTTATATGTTTCATTATCCTATTACATTATCAATCCTTACACTT
chrIII	124186	10150	ATATTAGGTATACAGAATATACTAGAAGTTCTCCTCGAGGGTCTAGGAATCCCCATAATGGAATCTATATTTCTATATACCAATATTACGATTAGTCCTCATTCCGTTTTATATGTTTCATTATCCTATTACATTATCAATCCTTACACTT
chrIII	124186	5150	ATATTAGGTATACAGAATATACTAGAAGTTCTCCTCGAGGGTCTAGGAATCCCCATAATGGAATCTATATTTCTATATACCAATATTACGATTATTCCTCATTCCGTTTTATATGTTTCATTATCCTATTACATTATCAATC
chrIII	124186	7530	ATATTAGGTATACAGAATATACTAGAAGTTCTCCTCGAGGGTCTAGGAATCCCCATAATGGAATCTATATTTCTATATACCAATATTACGATTATTCCTCATTCCGTTTTATATGTTTCATTATCCTATTACATTATCAATCCTTACACTT
chrIII	124186	1410	ATATTAGGTATACAGAATATACTAGAAGTTCTCCTCGAGGGTCTAGGAATCCCCATAATGGAATCTATATTTCTATATACCAATATTACGATTATTCCTCATTCCGTTTTATATGTTTCATTATCCTATTACATTATCAATCCTTACACTT
chrIII	124186	5150	ATATTAGGTATACAGAATATACTAGAAGTTCTCCTCGAGGGTCTAGGAATCCCCATAATGGAATCTATATTTCTATATACCAATATTACGATTATTCCTCATTCAGTTTTATATGTTTCATTATCCTATTACATTATCAATC
chrIII	124186	70	ATATTAGGTATACAGAATATACTAGAAGTTCTCCTCGAGGGTCTAGGAATCCCCATAATGGAATCTATATTTCTATATACCAATATTACGATTATTCCTCATTCCGTTTTATATGTTTCATTATCCTATTACATTATCAATCCTTACACTT
chrIII	124186	2640	ATATTAGGTATACAGAATATACTAGAAGTTCTCCTCGAGGGTCTAGGAATCCCCATAATGGAATCTATATTTCTATATACCAATATTACGATTATTCCTCATTCCGTTTTATATGTTTCATTATCCTATTACATTATCAATCCTTACACTT
chrIII	124186	10150	ATATTAGGTATACAGAATATACTAGAAGTTCTCCTCGAGGGTCTAGGAATCCCCATAATGGAATCTATATTTCTATATACCAATATTACGATTATTCCTCATTCCGTTTTATATGTTTCATTATCCTATTACATTATCAATCCTTACACTT
chrIII	124186	7530	ATATTAGGTATACAGAATATACTAGAAGTTCTCCTCGAGGGTCTAGGAATCCCCATAATGGAATCTATATTTCTATATACCAATATTACGATTATTCCTCATTCCGTTTTATATGTTTCATTATCCTATTACATTATCAATCCTTACACTT
chrIII	124187	7530	TATTAGGTATACAGAATATACTAGAAGTTCTCCTCGAGGGTCTAGGAATCCCCATAATGGAATCTATATTTCTATATACCAATATTACGATTATTCCTCATTCCGTTTTATATGTTTCATTATCCTATTACATTATCAATCCTTACACTTC
chrIII	124187	2640	TATTAGGTATACAGAATATACTAGAAGTTCTCCTCGAGGGTCTAGGAATCCCCATAATGGAATCTATATTTCTATATACCAATATTACGATTATTCCTCATTCCGTTTTATAAGTTTCATTATCCTATTACATTATCAATCCTTACACTTC
chrIII	124187	2640	TATTAGGTATACAGAATATACTAGAAGTTCTCCTCGAGGGTCTAGGAATCCCCATAATGGAATCTATATTTCTATATACCAATATTACGATTATTCCTCATTCCGTTTTATATGTTTCATTATCCTATTACATTATCAATCCTTACACTT
chrIII	124188	2640	ATTAGGTATACAGAATATACTAGAAGTTCTCCTCGAGGGTCTAGGAATCCCCATAATGGAATCTATATTTCTATATACCAATATTACGATTATTCCTCATTCCGTTTTATATGTTTCATTATCCTATTAC
chrIII	124188	2640	ATTAGGTATACAGAATATACTAGAAGTTCTCCTCGAGGGTCTAGGAATCCCCATAATGGAATCTATATTTCTATATACCAATATTACGATTATTCCTCATTCCGTTTTATATGTTTCATTATCCTATTAC
chrIII	124188	7530	(TTTAGTCTTAAAA)ATTAGCTATACAGAATATACTAGTAGTTCTCCTCTAGGTTCTAGGCTCCCCGATAATGGCATCTATATTTCTATAGACCAATATTAAGATTATTCCTCATTCCGTTTTTTATGTTTCATTATCCTATTA(GTTTATCAA)
chrIII	124188	10150	ATTAGGTATACAGAATATACTAGAAGTTCTCCTCGAGGGTCTAGGAATCCCCATAATGGAATCTATATTTCTATATACCAATATTACGATTATTCCTCATTCCGTTTTATATGTTTCATTATCCTATTACATTATCAATCCTTACACTTC
chrIII	124190	5150	TAGGTATACAGAATATACTAGAAGTTCTCCTCGAGGGTCTAGGAATCCCCATAATGGAATCTATATTTCTATATACCAATATTACGATTATTCCTCATTCCGTTTTATATGTTTCATTATCCTATTACATTATCAATCCTTACACTTCAGC
chrIII	124190	7530	TAGGTATACAGAATATACTAGAAGTTCTCCTCGAGGGTCTAGGAATCCCCATAATGGAATCTATATTTCTATATACCAATATTACGATTATTCCTCATTCCGTTTTATATGTTTCATTATCCTATTACATTATCAATCCTTACACTTCAG
chrIII	124190	7530	TAGGTATACAGAATATACTAGAAGTTCTCCTCGAGGGTCTAGGAATCCCCATAATGGAATCTATATTTCTATATACCAATATTACGATTATTCCTCATTCCGTTTTATATGTTTCATTATCCTATTACATTATCAATCCTTACACTTCAG
chrIII	124190	2640	TAGGTATACAGAATATACTAGAAGTTCTCCTCGAGGGTCTAGGAATCCCCATAATGGAATCTATATTTCTATATACCAATATTACGATTATTCCTCATTCCGTTTTATATGTTTCATTATCCTATTACATTATCAATCCTTACACTTCAG
chrIII	124190	70	TAGGTATACAGAATATACTAGAAGTTCTCCTCGAGGGTCTAGGAATCCCCATAATGGAATCTATATTTCTATATACCAATATTACGATTATTCCTCATTCCGTTTTATATGTTTCATTATCCTATTACATTATCAATCCTTACACTTCAG
chrIII	124191	5150	AGGTATACAGAATATACTAGAAGTTCTCCTCGAGGGTCTAGGAATCCCCATAATGGAATCTATATTTCTATATACCAATATTACGATTATTCCTCATTCCGTTTTATATGTTTCATTATCCTATTACATTATCAATCCTTACCCTTCAGC
chrIII	124191	10150	AGGTATACAGAATATACTAGAAGTTCTCCTCGAGGGTCTAGGAATCCCCATAATGGAATCTATATTTCTATATACCAATATTACGATTATTCCTCATTCCGTTTTATATGTTTCATTATCCTATTACATTATCAATCCTTACACTTCAGC
chrIII	124191	10150	AGGTATACAGAATATACTAGAAGTTCTCCTCGAGGGTCTAGGAATCCCCATAATGGAATCTATATTTCTATATACCAATATTACGATTATTCCTCATTCCGTTTTATATGTTTCATTATCCTATTACATTATCAATCCTTACACTTCAGCT
chrIII	124192	5150	GGTATACAGAATATACTAGAAGTTCTCCTCGAGGGTCTAGGAATCCCCATAATGGAATCTATATTTCTATATACCAATATTACGATTATTCCTCATTCCGTTTTATATGTTTCATTATCCTATTACATTATCAATCCTTACACTTCAGCTT
chrIII	124192	2640	GGTATACAGAATATACTAGAAGTTCTCCTCGAGGGTCTAGGAATCCCCATAATGGAATCTATATTTCTATATACCAATATTACGATTATTCCTCATTCCGTTTTATATGATTCATTATCCTATTACAT
chrIII	124192	1410	GGTATACAGAATATACTAGAAGTTCTCCTCGAGGGTCTAGGAATCCCCATAATGGAATCTATATTTCTATATACCAATATTACGATTATTCCTCATTCCGTTTTATATGTTTCATTATCCTATTACATTATCAATCCTTACACTTCAGCTT
chrIII	124192	70	GGTATACAGAATATACTAGAAGTTCTCCTCGAGGGTCTAGGAATCCCCATAATGGAATCTATATTTCTATATACCAA
chrIII	124192	70	GGTATACAGAATATACTAGAAGTTCTCCTCGAGGGTCTAGGAATCCCCATAATGGAATCTATATTTCTATATACCAA
chrIII	124192	10150	GGTATACAGAATATACTAGAAGTTCTCCTCGAGGGTCTAGGAATCCCCATAATGGAATCTATAATTCTATATACCAATATTACGATTATTCCTCATTCCGTTTTATATGTTTCATTAACCTATTACATTATCAATCCTTACACTTCAGATT
chrIII	124192	7530	GGTATACAGAATATACTAGAAGTTCTCCTCGAGGGTCTAGGAATCCCCATAATGGAATCTATATTTCTATATACCAATATTACGATTATTCCTCATTCCGGTTTATATGTTTCATTATCCTATTACATTATCAATCCTTACACTTCAGCTT
chrIII	124192	2640	GGTATACAGAATATACTAGAAGTTCTCCTCGAGGGTCTAGGAATCCCCATAATGGAATCTATATTTCTA
chrIII	124192	2640	GGTATACAGAATATACTAGAAGTTCTCCTCGAGGGTCTAGGAATCCCCATAATGGAATCTATATTTCTATATACCAATATTACGATTATTCCTCATTCCGTTTTATATGTTTCATTATCCTATTACAT
chrIII	124192	1410	GGTATACAGAATATACTAGAAGTTCTCCTCGAGGGTCTAGGAATCCCCATAATGGAATCTATATTTCTATATACCAATATTACGATTATTCCTCATTCCGTTTTATATGTTTCATTATCCTATTACATTATCAATCCTTACACTTCAGCTT
chrIII	124193	70	GTATACAGAATATACTAGAAGTTCTCCTCGAGGGTCTAGGAATCCCCATAATGGAATCTATATTTCTATATACCAATATTACGATTATTCCTCATTCCGTTTTATATGTTTCATTATCCTATTACATTATCAATCCTTACACTTCAGCTT
chrIII	124193	70	GTATACAGAATATACTAGAAGTTCTCCTCGAGGGTCTAGGAATCCCCATAATGGAATCTATATTTCTATATACCAATATTACGATTATTCCTCATTCCGTTTTATATGTTTCATTATCCTATTACATTATCAATCCTTACACTTCAGCTT
chrIII	124195	70	ATACAGAATATACTAGAAGTTCTCCTCGAGGGTCTAGGAATCCCCATAATGGAATCTATATTTCTATATACCAATATTACGATTATTCCTCATTCCGTTTTATATGTTTCATTATCCTATTACATTATCAATCCTTACACTTCAGCTTC
chrIII	124195	2640	ATACAGAATATACTAGAAGTTCTCCTCGAGGGTCTAGGAATCCCCATAATGGAATCTATATTTCTATATACCAATATTACGATTATTCCTCATTCCGTTTTATATGTTTCATTATCCTATTACATTATCAATCCTTACACTTCAGCTTC
chrIII	124195	5150	ATACAGAATATACTAGAAGTTCTCCTCGAGGGTCTAGGAATCCCCATAATGGAATCTATATTTCTATATACCAATATTACGATTATTCCTCATTCCGTTTTATATGTTTCATTATCCTATTACATTATCAATCCTTACACTTCAGCTTCCT
chrIII	124195	5150	ATACAGAATATACTAGAAGTTCTCCTCGAGGGTCTAGGAATCCCCATAATGGAATCTATATTTCTATATACCAATATTACGATTATTCCTCATTCCGTTTTATATGTTTCATTATCCTATTACATTATCAATCCTTACACTTCAGCTTCCT
chrIII	124195	2640	ATACAGAATAAACAAGAAGTTCACCTCGAGGGTCTAGGAAACCCCATAATGGAATCTATATTTCTAAATACCAAACTAACGAAAATTCCTCATTCCGTTTTTTATGTTTCATTATCCTAATACATT(TACAATCCATACACATCAGCAAC)
chrIII	124195	7530	ATACAGAATATACTAGAAGTTCTCCTCGAGGGTCTAGGAATCCCCATAATGGAATCTATATTTCTATATACCAATATTACGATTATTCCTCATTCCGTTTTATATGTTTCATTATCCTATTACATTATCAATCCTTACACTTCAGCTTC
chrIII	124195	2640	ATACAGAATATACTAGAAGTTCTCCTCGAGGGTCTAGGAATCCCCATAATGGAATCTATATTTCTATATACCAATATTACGATTATTCCTCATTCCGTTTTATATGTTTCATTATCCTATTA
chrIII	124195	2640	ATACAGAATATACTAGAAGTTCTCCTCGAGGGTCTAGGAATCCCCATAATGGAATCTATATTTCTATATACCAATATTACGATTATTCCTCATTCCGTTTTATATGTTTCATTATCCTATTA
chrIII	124195	5150	ATACAGAATATACTAGAAGTTCTCCTCGAGGGTCTAGGAATCCCCATAATGGAATCTATATTTCTATATACCAATATTACGATTATTCCTCATTCCGTTTTATATGTTTCATTATCCTATTACATTATCAATCCTTACACTTCAGCTTCCT
chrIII	124195	7530	ATACAGAATATACTAGAAGTTCTCCTCGAGGGTCTAGGAATCCCCATAATGGAATCTATATTTCTATATACCAATATTACGATTATTCCTCATTCCGTTTTATATGTTTCATTATCCTATTACATTATCAATCCTTACACTTCAGCTTC
chrIII	124195	2640	ATACAGAATATACTAGAAGTTCTCCTCGAGGGTCTAGGAATCCCCATAATGGAATCTATATTTCTATATACCAATATTACGATTATTCCTCATTCCGTTTTATATGTTTCATTATCCTATTACATTATCAATCCTTACACTTCAGCTTC
chrIII	124197	10150	ACAGAATATACTAGAAGTTCTCCTCGAGGGTCTAGGAATCCCCATAATGGAATCTATATTTCTATATACCAATATTACGATTATTCCTCATTCCGTTTTATATGTTTCATTATCCTATTACATTATCAATCCTTACACTTCAGCTTCCTCT
chrIII	124197	70	ACAGAATATACTAGAAGTTCTCCTCGAGGGTCTAGGAATCCCCATAATGGAATCTATATTTCTATATACCAATATTACGATTATTCCTCATTCCGTTTTATATGTTTCATTATCCTATTACATTATCAATCCTTACACTTCAGCTTCCT
chrIII	124197	2640	ACAGAATATACTAGAAGTTCTCCTCGAGGGTCTAGGAATCCCCATAATGGAATCTATATTTCTATATACCAATATTACGATTATTCCTCATTCCGTTTTATATGTTTCATTATCCTATTA
chrIII	124197	2640	ACAGAAGATACTAGAAGTTCTCCTCGAGGGTCTAGGAATCCCCATAATGGAATCTATATTTCTATATACCAATATTACGATTATTCCTCATTCCGTTTTATATGTTTCATTATCCTATTA
chrIII	124197	70	ACAGAATATACTAGAAGTTCTCCTCGAGGGTCTAGGAATCCCCATAATGGAATCTATATTTCTATATACCAATATTACGATTATTCCTCATTCCGTTTTATATGTTTCATTATCCTATTACATTATCAATCCTTACACTTCAGCTTCCT
chrIII	124200	5150	GAATATACTAGAAGTTCTCCTCGAGGGTCTAGGAATCCCCATAATGGAATCTATATTTCTATATACCAATATTACGATTATTCCTCATTCCGTTTTATATGTTTCATTATCCTATTACATTATCAATCCTTACACTTCAGCTTCCTCTAAC
chrIII	124200	5150	GAATATACTAGAAGTTCTCCTCGAGGGTCTAGGAATCCCCATAATGGAATCTATATTTCTATATACCAATATTACGATTATTCCTCATTCCGTTTTATATGTTTCATTATCCTATTACATTATCAATCCTTACACTTCAGCTTCCTCTAAC
chrIII	124200	7530	GAATATACTAGAAGTTCTCCTCGAGGGTCTAGGAATCCCCATAATGGAATCTATATTTCTATATACCAATATTACGATTATTCCTCATTCCGTTTTATATGTTTCATTATCCTATTACATTATCAATCCTTACACTTCAGCTTCCTCTAA
chrIII	124200	10150	GAATATACTAGAAGTTCTCCTCGAGGGTCTAGGAATCCCCATAATGGAATCTATATTTCTATATACCAATATTACGATTATTCCTCATTCCGTTTTATATGTTTCATTATCCTATTACATTATCAATCCTTACACTTCAGCTTCCTCTAAC
chrIII	124200	7530	GAATATACTAGAAGTTCTCCTCGAGGGTCTAGGAATCCCCATAATGGAATCTATATTTCTATATACCAATATTACGATTATTCCTCATTCCGTTTTATATGTTTCATTATCCTATTACATTATCAATCCTTACACTTCAGCTTCCTCTAA
chrIII	124200	70	GAATATACTAGAAGTTCTCCTCGAGGGTCTAGGAATCCCCATAATGGAATCTATATTTCTATATACCAATATTACGATTATTCCTCATTCCGTTTTATATGTTTCATTATCCTATTACATTATCAATCCTTACACTTCAGCTTCCTCTAA
chrIII	124200	7530	(TGTGGATAATGGCATTATTATTATGTATATT)GAATATACTAGAAGTTGTCCTCGAGGGTCTTGGAATCCCAATAATGGAATCTAGATTTGTATATACCCATATTAAGAATTTTCCTCATTCCGATTTTTATGTTTGATTATCCTATTA(GAT)
chrIII	124200	5150	GAATATACTAGAAGTTCTCCTCGAGGGTCTAGGAATCCCCATAATGGAATCTATATTTCTATATACCAATATTACGATTATTCCTCATTCCGTTTTATATGTTTCATTATCCTATTACATTATCAATCCTTACACTTCAGCTTCCTCTAAC
chrIII	124200	7530	GAATATACTAGAAGTTCTCCTCGAGGGTCTAGGAATCCCCATAATGGAATCTATATTTCTATATACCAATATTACGA
chrIII	124200	7530	GAATATACTAGAAGTTCTCCTCGAGGGTCTAGGAATCCCCATAATGGAATCTATATTTCTATATACCAATATTACGATTATTCCTCATTCCGTTTTATATGTTTCATTATCCTATTACATTATCAATCCTTACACTTCAGCTTCCTCTAA
chrIII	124200	7530	GAATATACTAGAAGTTCTCCTCGAGGGTCTAGGAATCCCCATAATGGAATCTATATTTCTATATACCAATATTACGA
chrIII	124200	10150	GAATATACTAGAAGTTCTCCTCGAGGGTCTAGGAATCCCCATAATGGAATCTATATTTCTATATACCAATATTACGATTATTCCTCATTCCGTTTTATATGTTTCATTATCCTATTACATTATCAATCCTTACACTTCAGCTTCCTCTAAC
chrIII	124200	7530	GAATATACTAGAAGTTCTCCTCGAGGGTCTAGGAATCCCCATAATGGAATCTATATTTCTATATACCAATATTACGATTATTCCTCATTCCGTTTTATATGTTTCATTATCCTCTTACATTATCAATCCTTACACTTCAGCTTCCTCTAA
chrIII	124201	7530	AATATACTAGAAGTTCTCCTCGAGGGTCTAGGAATCCCCATAATGGAATCTATATTTCTATATACCAATATTACGATTATTCCTCATTCCGTTTTATATGTTTCATTATCCTATTACATTATCAATCCTTACACTTCAGCTTCCTCTAACT
chrIII	124201	7530	AATATACTAGAAGTTCTCCTCGAGGGTCTAGGAATCCCCATAATGGAATCTATATTTCTATATACCAATATTACGATTATTCCTCATTCCGTTTTATATGTTTCATTATCCTATTACATTATCAATCCTTACACTTCAGCTTCCTCTAAC
chrIII	124201	70	AATATACTAGAAGTTCTCCTCGAGGGTCTAGGAATCCCCATAATGGAATCTATATTTCTATATACCAATATTACGATTATTCCTCATTCCGTTTTATATGTTTCATTATCCTATTACATTATCAATCCTTACACTTCAGCTTCCTCTAAC
chrIII	124201	7530	AATATACTAGAAGTTCTCCTCGAGGGTCTAGGAATCCCCATAATGGAATCTATATTTCTATATACCAATATTACGATTATTCCTCATTCCGTTTTATATGTTTCATTATCCTATTACATTATCAATCCTTACACTTCAGCTTCCTCTAAC
chrIII	124201	7530	AATATACTAGAAGTTCTCCTCGAGGGTCTAGGAATCCCCATAATGGAATCTATATTTCTATATACCAATATTACGATTATTCCTCATTCCGTTTTATATGTTTCATTATCCTATTACATTATCAATCCTTACACTTCAGCTTCCTCTAAC
chrIII	124202	7530	ATATACTAGAAGTTCTCCTCGAGGGTCTAGGAATCCCCATAATGGAATCTATATTTCTATATACCAATATTACGATTATTCCTCATTCCGTTTTATATGTTTCATTATCCTATTACATTATCAATCCTTACACTTCAGCTTCCTCTAACTT
chrIII	124202	5150	ATATACTAGAAGTTCTCCTCGAGGGTCTAGGAATCCCCATAATGGAATCTATATTTCTATATACCAATATTACGATTATTCCTCATTCCGTTTTATATGTTTCATTATCCTATTACATTATCAATCCTTACACTTCAGCTTCCTCTAACTT
chrIII	124202	1410	ATATACTAGAAGTTCTCCTCGAGGGTCTAGGAATCCCCATAATGGAATCTATATTTCTATATACCAATATTACGATTATTCCTCATTCCGTTTTATATGTTTCATTATCCTATTACATTATCAATCCTTACACTTCAGCTTCCTCTAACTT
chrIII	124202	7530	ATATACTAGAAGTTCTCCTCGAGGGTCTAGGAATCCCCATAATGGAATCTATATTTCTATATACCAATATTACGATTATTCCTCATTCCGTTTTATATGTTTCATTATCCTATTACATTATCAATCCTTACACTTCAGCTTCCTCTAACTT
chrIII	124202	7530	ATATACTAGAAGTTCTCCTCGAGGGTCTAGGAATCCCCATAATGGAATCTATATTTCTATATACCAATATTACGATTATTCCTCATTCCGTTTTATATGTTTCATTATCCTATTACATTATCAATCCTTACACTTCAGCTTCCTCTAACTT
chrIII	124204	2640	ATACTAGAAGTTCTCCTCGAGGGTCTAGGAATCCCCATAATGGAATCTATATTTCTATATACCAATATTACGATTATTCCTCATTCCGTTTTATATGTTTCATTATCCTATTACATTATCAATCCTTACACTTCAGCTTCCTCTAACTTCG
chrIII	124205	70	TACGAGAAGATCTCCTCTCGGGTCTAGGAATCCCCATAAGGGAATCTATATTTCTATATACCAGTAATACTATTATTCCTC(TGTACATTTAATATTTATCTATAACCTAATACATTATCAATCGAAACACTTCAGCTTACTCTATCTTCGA)
chrIII	124205	1410	TACTAGAAGTTCTCCTCGAGGGTCTAGGAATCCCCATAATGGAATCTATATTTCTATATACCAATATTACGATTATTCCTCATTCCGTTTTATATGTTTCATTATCCTATTACATTATCAATCCTTACACTTCAGCTTCCTCTAACTTCG
chrIII	124205	2640	TACTAGAAGTTCTCCTCGAGGGTCTAGGAATCCCCATAATGGAATCTATATTTCTATATACCAATATTACGATTATTCCTCATTCCGTTTTATATGTTTCATTATCCTATTACATTATCAATCCTTACACTTCAGCTTCCTCTAACTTCGA
chrIII	124205	7530	TACTAGAAGTTCTCCTCGAGGGTCTAGGAATCCCCATAATGGAATCTATATTTCTATATACCAATATTACGATTATTCCTCATTCCGTTTTATATGTTTCATTATCCTATTACATTATCAATCCTTACACTTCAGCTTCCTCTAACTTCGA
chrIII	124205	10150	TACTAGAAGTTCTCCTCGAGGGTCTAGGAATCCCCATAATGGAATCTATATTTCTATATACCAATATTACGATTATTCCTCATTCCGTTTTATATGTTTCATTATCCTATTACATTATCAATCCTTACACTTCAGCTTCCTCTAACTTCG
chrIII	124205	7530	TACTAGAAGTTCTCCTCGAGGGTCTAGGTATCCCCATAATGGAATCTATATTTCTATATACCAATATTACGATTATTCCTCATTCCGTTTTATATGTTTCATTATCCTATTACATTATAAATCCTAACACTTCAGCTTCCTCAAACTACGA
chrIII	124205	7530	TACTAGAAGTTCTCCTCGAGGGTCTAGGAATCCCCATAATGGAATCTATATTTCTATATACCAATATTACGATTATTCCTCATTCCGTTTTATATGTTTCATTATCCTATTACATTATCAATCCTTACACTTCAGCTTCCTCTAACTTCGA
chrIII	124205	7530	TACTAGAAGTTCTCCTCGAGGGTCTAGGAATCCCCATAATGGAATCTATATTTCTATATACCAATATTACGATTATTCCTCATTCCGTTTTATATGTTTCATTATCCTATTACATTATCAATCCTTACACTTCAGCTTCCTCTAACTTCGA
chrIII	124206	7530	ACTAGAAGTTCTCCTCGAGGGTCTAGGAATCCCCATAATGGAATCTATATTTCTATATACCAATATTACGATTATTCCTCATTCCGTTTTATATGTTTCATTATCCTATTACATTATCAATCCTTACACTTCAGCTTCCTCTAACTTCGAT
chrIII	124207	70	CTAGAAGTTCTCCTCGAGGGTCTAGGAATCCCCATAATGGAATCTATATTTCTATATACCAATATTACGATTATTCCTCATTCCGTTTTATATGTTTCATTATCCTATTACATTATCAATCCTTACACTTCAGCTTCCTCTAACTTCGATG
chrIII	124207	70	CTAGAAGTTCTCCTCGAGGGTCAAGGACTCACCATAATGGAATCAATATTTCTATAAACCAATATTACGTATTTTACTCATTCCGATTTATATGTTTCATTATCATATTACAATATCAATCATTACACTTCTGATTCATCTAACTTCGATG
chrIII	124207	7530	(TCTTGATAACGGCTTTAACACGCTGTTCTTCGAATCTT)CTAGAAGGTCTACTCGAGGGTCTACGTATCCTCATCATGTAATCTATATTTCTATATAGCATTCTTAGGATTATTCCTCATTCAGTTTTAAATGTTTCATTAT(TATATTAAAC)
chrIII	124207	70	CTAGAAGTTCTCCTCGAGGGTCTAGGAATCCCCATAATGGAATCTATATTTCTATATACCAATATTACGATTATTCCTCATTCCGTTTTATATGTTTCATTATCCTATTACATTATCAATCCTTACACTTCAGCTTCCTCTAACTTCGATG
chrIII	124207	2640	CTAGAAGTTCTCCTCGAGGGTCTAGGAATCCCCATAATGGAATCTATATTTCTATATACCAATATTACGATTATTCCTCATTCCGGTTTATATGTTTCATTATCCTATTACATTATCAATCCTTACACTTCAGCTTCCTCTAACTTCGATG
chrIII	124208	7530	TAGAAGTTCTCCTCGAGGGTCTAGGAATCCCCATAATGGAATCTATATTTC
chrIII	124208	7530	TAGAAGTTCTCCTCGAGGGTCTAGGAATCCCCATAATGGAATCTATATTTC
chrIII	124210	2640	GAAGTTCTCCTCGAGGGTCTAGGAATCCCCATAATGGAATCTATATTTCTATATACCAATATTACGATTATTCCTCATTCCGTTTTATATGTTTCATTATCCTATTACATTATCAATCCTTACACTTCAGCTTCCTCTAACTTCGATGACA
chrIII	124211	7530	AAGTTCTCCTCGAGGGTCTAGGAATCCCCATAATGGAATCTATATTTCTATATACCAATATTACGATTATTCCTCATTCCGTTTTATATGTTTCATTATCCTATTACATTATCAATCCTTACACTTCAGCTTCCTCTAACTTCGATGAC
chrIII	124212	1410	AGTTCTCCTCGAGGGTCTAGGAATCCCCATAATGGAATCTATATTTCTATATACCAATATTACGATTATTCCTCATTCCGTTTTATATGTTTCATTATCCTATTACATTATCAATCCTTACACTTCAGCTTCCTCTAACTTCGATGACAGC
chrIII	124214	7530	TTATCCTCGAGGGTCTAGGAATCCCCATACTGGAATCTATATTTCTATATACCAATATTACGATTATTCCTCATTCCGTTTTATATGTTTCATTATCATATTAAATTATCAATCCTTACAATTCAGCTTCCTCTAACTTCGATGACAGC
chrIII	124216	70	CTCCTCGAGGGTCTAGGAATCCCCATAATGGAATCTATATTTCTATATACCAATATTACGATTATTCCTCATTCCGTTTTATATGTTTCATTATCCTATTACATTATCAATCCTTACACTTCAGCTTCCTCTAACTTCGATGACAGCTT
chrIII	124216	70	CTCCTCGAGGGTCTAGGAATCCCCATAATGGAATCTATATTTCTATATACCAATATTACGATTATTCCTCATTCCGTTTTATATGTTTCATTATCCTATTACATTATCAATCCTTACACTTCAGCTTCCTCTAACTTCGATGACAGCTT
chrIII	124217	7530	TCCTCGAGGGTCTAGGAATCCCCATAATGGAATCTATATTTCTATATACCAATATTACGATTATTCCTCATTCCGTTTTATATGTTTCATTATCCTATTACATTATCAATCCTTACACTTCAGCTTCCTCTAACTTCGATGACAGCTTCTC
chrIII	124219	70	CTCGAGGGTCTAGGAATCCCCATAATGGAATCTATATTTCCATATACCAATATTACGATTATTCCTCATTCCGTTTTATATGTTTCATTATCCTATTACATTATCAATCCTTACACTTCAGCTTCCTCTAACTTCGATGACAGCTTCTCAT
chrIII	124220	70	TCGAGGGTCTAGGAATCCCCATAATGGAATCTATATTTCTATATACCAATATTACGATTATTCCTCATTCCGTTTTATATGTTTCATTATCCTATTACATTATCAATCCTTACACTTCAGCTTCCTCTAACTTCGATGACAGCTTCTCATA
chrIII	124220	7530	TCGAGGGTCTAGGAATCCCCATAATGGAATCTATATTTCTATATACCAATATTACGATTATTCCTCATTCCGTTTTATATGTTTCATTATCCTATTACATTATCAATCCTTACACTTCAGCTTCCTCTAACTTCGATGACAGCTTCTCATA
chrIII	124223	2640	AGGGTCTAGGAATCCCCATAATGGAATCTATATTTCTATATACCAATATTACGATTATTCCTCATTCCGTTTTATATGTTTCATTATCCTATTACATTATCAATCCTTACACTTCAGCTTCCTCTAACTTCGATGACAGCTTCTCATAAC
chrIII	124223	70	AGGGTCTAGGAATCCCCATAATGGAATCTATATTTCTATATACCAATATTACGATTATTCCTCATTCCGTTTTATATGTTTCATTATCCTATTACATTATCAATCCTTACACTTCAGCTTCCTCTAACTTCGATGACAGCTTCTCATAAC
chrIII	124223	7530	AGGGTCTAGGAATCCCCATAATGGAATCTATATTTCTATATACCAATATTACGATTATTCCTCATTCCGTTTTATATGTTTCATTATCCTATGACATTATCAATCCTTACACTTCAGCTTCCTCTAACTTCGATGACAGCTTCTCATAAC
chrIII	124223	7530	AGGGTCTAGGAATCCCCATCATGGAATCTATATTTCTATATACCAATATTACGATTATTCCTCATTCCGTTTTATATGTTTCATTATCCTCTTACATTATCAATCCTGACACTTCAGCTTCCTCTAACGTCGATGACAGCTTCTCATAAC
chrIII	124223	7530	AGGGTCTAGGAATCCCCATAATGGAATCTATATTTCTATATACCAATATTACGATTATTCCTCATTCCGTTTTATATGTTTCATTATCCTATTACATTATCAATCCTTACACTTCAGCTTCCTCTAACTTCGATGACAGCTTCTCATAAC
chrIII	124223	7530	AGGGTCTAGGAATCCCCATAATGGAATCTATATTTCTATATACCAATATTACGATTATTCCTCATTCCGTTTTATATGTTTCATTATCCTATTACATTATCAATCCTTACACTTCAGCTTCCTCTAACTTCGATGACAGCTTCTCATAAC
chrIII	124223	7530	AGGGTCTAGTAATCCCCATAATCGAATCAATATATCTATATACCAATATTACTATTATTCCACATAACGTTTTAAATGTTTCATTATCCTATTACAATATCAATCATTACAATTCAGCTTCCTCTAACTTCGATGACAGCTTCTCATATC
chrIII	124223	5150	AGGGTCTAGGAATCCCCATAATGGAATCTATATTTCTATATACCAATATTACGATTATTCCTCATTCCGTTTTATATGTTTCATTATCCTATTACATTATCAATCCTTACACTTCAGCTTCCTCTAACTTCGATGACAGCTTCTCATAACT
chrIII	124223	5150	AGGGTCTAGGAATCCCCATAATGGAATCTATATTTCTATATACCAATATTACGATTATTCCTCATTCCGTTTTATATGTTTCATTATCCTATTACATTATCAATCCTTACACTTCAGCTTCCTCTAACTTCGATGACAGCTTCTCATAACT
chrIII	124223	7530	AGGGTCTAGGAATCCCCATAATGGAATATATATTTCTATATTCCAATATTACGTTTATTCCTCATTCCGTTTTATATGTTTCATTATCCTATTACATTATCAATCCTTACACTTCAGCTTACTCTAACTTCGATGACAGCTTCTCATAAC
chrIII	124224	2640	GGGTCTAGGAATCCCCATAATGGAATCTATATTTCTATATACCAATATTACGATTATTCCTCATTCCGTTTTATATGTTTCATTATCCTATTACATTATCAATCCTTACACTTCAGCTTCCTCTAACTTCGATGACAGCTTCTCATAACTT
chrIII	124225	7530	GGTCTAGGAATCCCCATAATGGAATCTATATTTCTATATACCAATATTACGATTATTCCTCATTCCGTTTTATATGTTTCATTATCCTATTACATTATCAATCCTTACACTTCAGCTTCCTCTAACTTCGATGACAGCTTCTCATAACTTA
chrIII	124225	7530	GGTCTAGGAATCCCCATAATGGAATCTATATTTCTATATACCAATATTACGATTATTCCTCATTCCGTTTTATATGTTTCATTATCCTATTACATTATCAATCCTTACACTTCAGCTTCCTCTAACTTCGATGACAGCTTCTCATAACTTA
chrIII	124226	2640	GTCTAGGAATCCCCATAATGGAATCTATATTTCTATATACCAATATTACGATTATTCCTCATTCCGTTTTATATGTTTCATTATCCTATTACATTATCAATCCTTACACTTCAGCTTCCTCTAACTTCGATGACAGCTTCTCATAACTTAT
chrIII	124226	2640	GTCTAGGAATCCCCATAATGGAATCTATATTTCTATATACCAATATTACGATTATTCCTCATTCCGTTTTATATGTTTCATTATCCTATTACATTATCAATCCTTACACTTCAGCTTCCTCTAACTTCGATGACAGCTTCTCATAACTTAT
chrIII	124226	70	GTCTAGGAATCCCCATAATGGAATCTATATTTCTATATACCAATATTACGATTATTCCTCATTCCGTTTTATATGTTTCATTATCCTATTACATTATCAATCCTTACACTTCAGCTTCCTCTAACTTCGATGACAGCTTCTCATAACTTAT
chrIII	124226	2640	(GGATAACGAATAAACTAGAACTTCTCAGCAAGC)GTCTAGGAAACCCCATAATGGAAACTATATT(AAATATGACCAATATTAAGAATTTAGCCCCTTACTTATATAATGATACAATATCCTATTACATTATCTCTCGAAACACTGCTGATT)
chrIII	124226	70	GTCTAGGAATCCCCATAATGGAATCTATATTTCTATATACCAATATTACGATTATTCCTCATTCCGTTTTATATGTTTCATTATCCTATTACATTATCAATCCTTACACTTCAGCTTCCTCTAACTTCGATGACAGCTTCTCATAACTTAT
chrIII	124226	70	GTCTAGGAATCCCCATAATGGAATCTATATTTCTATATACCAATATTACGATTATTCCTCATTCCGTTTTATATGTTTCATTATCCTATTACATTATCAATCCTTACACTTCAGCTTCCTCTAACTTCGATGACAGCTTCTCATAACTTAT
chrIII	124226	2640	GTCTAGGAATCCCCATAATGGACTCTATATTTCTATATACCAATATTACGATTATTCCTCATTCCGTTTTATATGTTTCATTATCCTATTTCATTATCAATCCTTACACTTCAGCTTCCTCTAACTTCGAGGACAGCTGCTCATAACTTAT
chrIII	124226	2640	GTCTAGGAATCCCCATAATGGAATCTATATTTCTATATACCAATATTACGATTATTCCTCATTCCGTTTTATATGTTTCATTATCCTATTACATTATCAATCCTTACACTTCAGCTTCCTCTAACTTCGATGACAGCTTCTCATAACTTAT
chrIII	124226	2640	GTCTAGGAATCCCCATAATGGAATCTATATTTCTATATACCAATATTACGATTATTCCTCATTCCGTTTTATATGTTTCATTATCCTATTACATTATCAATCCTTACACTTCAGCTTCCTCTAACTTCGATGACAGCTTCTCATAACTTAT
chrIII	124228	7530	CTAGGAATCCCCATAATGGAATCTATATTTCTATATACCAATATTACGATTATTCCTCATTCCGTTTTATATGTTTCATTATCCTATTACATTATCAATCCTTACACTTCAGCTTCCTCTAACTTCGATGACAGCTTCTCATAACTTATGT
chrIII	124228	1410	CTAGGAATCCCCATAATGGAGTCTATATTTCTATATACCAATATTACGATTATTCCTCATTCCGTTTTATATGTTTCATTATCCTATTACATTATCAATCCTTACACTTCAGCTTCCTCTAACTTCGATGACAGCTTCTCATAACTTATGT
chrIII	124229	7530	TAGGAATCCCCATAATGGAATCTATATTTCTATATACCAATATTACGATTATTCCTCATTCCGTTTTATATGTTTCATTATCCTATTACATTATCAATCCTTACACTTCAGCTTCCTCTAACTTCGATGACAGCTTCTCATAACTTATGTC
chrIII	124229	70	TAGGAATCCCCATAATGGAATCTATATTTCTATATACCAATATTACGATTATTCCTCATTCCGTTTTATATGTTTCATTATCCTATTACATTATCAATCCTTACACTTCAGCTTCCTCTAACTTCGATGACAGCTTCTCATAACTTATGTC
chrIII	124230	7530	(GTCA)AGGAATCCCCATAAAGGAATCTATATTTCTATTTACCAATATAAAGATTAGAGCTCATTCCTTTTTATTGGTTTCAATATCCTATTACGATAACCATCCATACACTTCAGAGACCTCTATCTTCGATGACAGGTACTCATAACTTAT
chrIII	124230	10150	AGGAATCCCCATAATGGAATCTATATTTCTATATACCAATATTACGATTATTCCTCATTCCGTTTTATATGTTTCATTATCCTATTACATTATCAATCCTTACACTTCAGCTTCCTCTAACTTCGATGACAGCTTCTCATAACTTATGT
chrIII	124235	7530	(TAT)TCCCCATACTCGAATCTATATTTATATATACCAATATTACGATTAATCAACATTCCGTTTTATATGAATCATATACCTATTACAGTAACAAACCAAACACTACAGCTTCCTCTAACTTCGATCACATCTTCTCATATCTTAAGTCATC
chrIII	124236	5150	CCCCATAATGGAATCTATATTTCTATATACCAATATTACGATTATTCCTCATTCCGTTTTATATGTTTCATTATCCTATTACATTATCAATCCTTACACTTCAGCTTCCTCTAACTTCGATGACAGCTTCTCATAACTTATGTCATCATCT
chrIII	124236	1410	CCCCATAATGGAATCTATATTTCTATATACCAATATTACGATTATTCCTCATTCCGTTTTATATGTTTCATTATCCTATTACATTATCAATCCTTACACTTCAGCTTCCTCTAACTTCGATGACAGCTTCTCATAACTTATGTCATCATCT
chrIII	124237	70	CCCATAATGGAATCTATATTTCTATATACCAATATTACGATTATTCCTCATTCCGTTTTATATGTTTCATTATCCTATTACATTATCAATCCTTACACTTCAGCTTCCTCTAACTTCGATGACAGCTTCTCATAACTTATGTCATCATCTT
chrIII	124237	2640	CCCATAATGGAATCTATATTTCTATATACCAATATTACGATTATTCCTCATTCCGTTTTATATGTTTCATTATCCTATTACATTATCAATCCTTACACTTCAGCTTCCTCTAACATCGATGACAGCTTCTCATAACTTATGTCATCATCTT
chrIII	124237	70	CCCATAATGGAATCTATATTTCTATATACCAATATTACGATTATTCCTCATTCCGTTTTATATGTTTCATTATCCTATTACATTATCAATCCTTACACTTCAGCTTCCTCTAACTTCGATGACAGCTTCTCATAACTTATGTCATCATCTT
chrIII	124238	7530	CCATAATGGAATCTATATTTCTATATACCAATATTACGATTATTCCTCATTCCGTTTTATATGTTTCATTATCCTATTACATTATCAATCCTTACACTTCAGCTTCCTCTAACTTCGATGACAGCTTCTCATAACTTATGTCATCATCTTA
chrIII	124238	7530	CCATAATGGAATCTATATTTCTATATACCAATATTACGATTATTCCTCATTCCGTTTTATATGTTTCATTATCCTATTACATTATCAATCCTTACACTTCAGCTTCCTCTAACTTCGATGACAGCTTCTCATAACTTATGTCATCATCTTA
chrIII	124238	7530	CCATAATGGAATCTATATTTCTATATACCAATATTACGATTATTCCTCATTCCGTTTTATATGTTTCATTATCCTAGTACATTATCAATCCTTACACTTCAGCTTCCTCTAACTTCGATGACAGCTTCTCATAACTTATGTCATCATCTTA
chrIII	124240	7530	TTAATGGGATCTATCTTACTATATTCCAATAATACGATTAATCATCATTCCGTTTTATATGTTTCTTTATCCTATAACAATATTAATCCTTAATCTTCAGCTTCCTCTAACATCGATGAGAGCATATAATAACTTATGTCTTCATCTTAAC
chrIII	124240	1410	ATAATGGAATCTATATTTCTATATACCAATATTACGATTATTCCTCATTCCGTTTTATATGTTTCATTATCCTATTACATTATCAATCCTTACACTTCAGCTTCCTCTAACTTCGATGACAGCTTCTCATAACTTATGTCATCATCTTAAC
chrIII	124240	70	ATAATGGAATCTATATTTCTATATACCAATATTACGATTATTCCTCATTCCGTTTTATATGTTTCATTATCCTATTACATTATCAATCCTTACACTTCAGCTTCCTCTAACTTCGATGACAGCTTCTCATAACTTATGTCATCATCTTAAC
chrIII	124241	2640	TAATGGAATCTATATTTCTATATACCAATATTACGATTATTCCTCATTCCGTTTTATATGTTTCATTATCCTATTACATTATCAATCCTTACACTTCAGCTTCCTCTAACTTCGATGACAGCTTCTCATAACTTATGTCATCATCTTAACA
chrIII	124242	70	AATGGAATCTATATTTCTATATACCAATATTACGATTATTCCTCATTCCGTTTTATATGTTTCATTATCCTATTACATTATCAATCCTTACACTTCAGCTTCCTCTAACTTCGATGACAGCTTCTCATAACTTATGTCATCATCTTAACA
chrIII	124242	5150	AATGGAATCTATATTTCTATATACCAATATTACGATTATTCCTCATTCCGTTTTATATGTTTCATTATCCTATTACATTATCAATCCTTACACTTCAGCTTCCTCTAACTTCGATGACAGCTTCTCATAACTTATGTCATCATCTTAACAC
chrIII	124242	7530	AATGGAATCTATATTTATATATACCAATATTACGATTATTCCTCATTCCGTTTTATATGTTTCATTATCCTATTACATTATCAATCCTTACACTTCAGCTTCCTCTAACTTCGATGACAGCTTCTCATAACTTATGTCATCATCTTAACAC
chrIII	124242	10150	AATGGAATCTATATTTCTATATACCAATATTACGATTATTCCTCATTCCGTTTTATATGTTTCATTATCCTATTACATTATCAATCCTTACACTTCAGCTTCCTCTAACTTCGATGACAGCTTCTCATAACTTATGTCATCATCTTAACAC
chrIII	124242	7530	AATGGAATCTATATTTCTATATACCAATATTACGATTATTCCTCATTCCGTTTTATATGTTTCATTATCCTATTACATTATCAATCCTTACACTTCAGCTTCCTCTAACTTCGATGACAGCTTCTCATAACTTATGTCATCATCTTAACAC
chrIII	124242	10150	AATGGAATCTATATTTCTATATACCAATATTACGATTATTCCTCATTCCGTTTTATATGTTTCATTATCCTATTACATTATCAATCCTTACACTTCAGCTTCCTCTAACTTCGATGACAGCTTCTCATAACTTATGTCATCATCTTAACAC
chrIII	124242	2640	AATGGAATCTATATTTCTATATACCAATATTACGATTATTCCTCATTCCGTTTTATATGTTTCATTATCCTATTACATTATCAATCCTTACACTTCAGCTTCCTCTAACTTCGATGACAGCTTCTCATAACTTATGTCATCATCTTAACAC
chrIII	124242	10150	AATGGAATCTATATTTCTATATACCAATATTACGATTATTCCTCATTCCGTTTTATATGTTTCATTATCCTATTACATTATCAATCCTTACACTTCAGCTTCCTCTAACTTCGATGACAGCTTCTCATAACTTATGTCATCATCTTAACAC
chrIII	124242	7530	AATGGAATCTATATTTCTATATACCAATATTACGATTATTCCTCATTCCGTTTTATATGTTTCATTATCCTATTACATTATCAATCCTTACACTTCAGCTTCCTCTAACTTCGATGACAGCTTCTCATAACTTATGTCATCATCTTAACAC
chrIII	124242	7530	AATGGAATCTATATTTCTATATACCAATATTACGATTATTCCTCATTCCGTTTTATATGTTTCATTATCCTATTACATTATCAATCCTTACACTTCAGCTTCCTCTAACTTCGATGACAGCTTCTCATAACTTATGTCATCATCTTAACAC
chrIII	124242	2640	AATGGAATCTATATTTCTATATACCAATATTACGATTATTCCTCATTCCGTTTTATATGTTTCATTATCCTATTACATTATCAATCCTTACACTTCAGCTTCCTCTAACTTCGATGACAGCTTCTCATAACTTATGTCATCATCTTAACAC
chrIII	124242	2640	AATGGAATCTATATTTCTATATACCAATATTACGATTATTCCTCATTCCGTTTTATATGTTTCATTATCCTATTACATTATCAATCCTTACACTTCAGCTTCCTCTAACTTCGATGACAGCTTCTCATAACTTATGTCATCATCTTAACAC
chrIII	124242	2640	AATGGAATCTATATTTCTATATACCAATATTACGATTATTCCTCATTCCGTTTTATATGTTTCATTATCCTATTACATTATCAATCCTTACACTTCAGCTTCCTCTAACTTCGATGACAGCTTCTCATAACTTATGTCATCATCTTAACAC
chrIII	124242	70	AATGGAATCTATATTTCTATATACCAATATTACGATTATTCCTCATTCCGTTTTATATGTTTCATTATCCTATTACATTATCAATCCTTACACTTCAGCTTCCTCTAACTTCGATGACAGCTTCTCATAACTTATGTCATCATCTTAACAC
chrIII	124242	2640	AATGGAATCTATATTTCTATATACCAATATTACGATTATTCCTCATTCCGTTTTATATGTTTCATTATCCTATTACATTATCAATCCTTACACTTCAGCTTCCTCTAACTTCGATGACAGCTTCTCATAACTTATGTCATCATCTTAACAC
chrIII	124242	10150	AATGGAATCTATATTTCTATATACCAATATTACGATTATTCCTCATTCCGTTTTATATGTTTCATTATCCTATTACATTATCAATCCTTACACTTCAGCTTCCTCTAACTTCGATGACAGCTTCTCATAACTTATGTCATCATCTTAACAC
chrIII	124242	2640	AATGGAATCTATATTTCTATATACCAATATTACGATTATTCCTCATTCCGTTTTATATGTTTCATTATCCTATTACATTATCAATCCTTACACTTCAGCTTCCTCTAACTTCGATGACAGCTTCTCATAACTTATGTCATCATCTTAACAC
chrIII	124242	7530	AATGGAATCTATATTTCTATATACCAATATTACGATTATTCCTCATTCCGTTTTATATGTTTCATTATCCTATTACATTATCAATCCTTACACTTCAGCTTCCTCTAACTTCGATGACAGCTTCTCATAACTTATGTCATCATCTTAACAC
chrIII	124242	70	AATGGAATCTATATTTCTATATACCAATATTACGAATATACCTCAGTCCGTATAATATGTTTCATTATCCTATTACATTAACAATCCTAACACTTCAGCTTCCTCTAACTTCGATGACAGCTACTCATAAATTATGTCATCATCTTATCA
chrIII	124242	2640	AATGGAATCTATATTTCTATATACCAATATTACGATTATTCCTCATTCCGTTTTATATGTTTCATTATCCTATTACATTATCAATCCTTACACTTCAGCTTCCTCTAACTTCGATGACAGCTTCTCATAACTTATGTCATCATCTTAACAC
chrIII	124242	1410	AATGGAATCTATATTTCTATATACCAATATTACGATTATTCCTCATTCCGTTTTATATGTTTCATTATCCTATTACATTATCAATCCTTACACTTCAGCTTCCTCTAACTTCGATGACAGCTTCTCATAACTTATGTCATCATCTTAACAC
chrIII	124242	70	AATGGAATCTATATTTCTATATACCAATATTACGATTATTCCTCATTCCGTTTTATATGTTTCATTATCCTATTACATTATCAATCCTTACACTTCAGCTTCCTCTAACTTCGATGACAGCTTCTCATAACTTATGTCATCATCTTAACAC
chrIII	124242	5150	AATGGAATCTATATTTCTATATACCAATATTACGATTATTCCTCATTCCGTTTTATATGTTTCATTATCCTATTACATTATCAATCCTTACACTTCAGCTTCCTCTAACTTCGATGACAGCTTCTCATAACTTATGTCATCATCTTAACAC
chrIII	124242	70	AATGGAATCTATATTTCTATATACCAATATTACGATTATTCCTCATTCCGTTTTATATGTTTCATTATCCTATTACATTATCAATCCTTACACTTCAGCTTCCTCTAACTTCGATGACAGCTTCTCATAACTTATGTCATCATCTTAACA
chrIII	124242	7530	AATGGAATCTATATTTCTATATACCAATATTACGATTATTCCTCATTCCGTTTTATATGTTTCATTATCCTATTACATTATCAATCCTTACACTTCAGCTTCCTCTAACTTCGATGACAGCTTCTCATAACTTATGTCATCATCTTAACAC
chrIII	124245	2640	(AAACAGAAAATACAAGAAGTTCACCTAGAGGGACTAGGACACACCCTAAG)GGAATCAATATTTCTATATACAAATTATACGATTAGTACTCATTCCGTTTTATTTGATTCAGTATCCTATTACATTATCAATACTTAAACTTCACCTTCC(A)
chrIII	124246	70	GAATCTATATTTCTATATACCAATATTACGATTATTCCTCATTCCGTTTTATATGTTTCATTATCCTATTACATTATCAATCCTTACACTTCAGCTTCCTCTAACTTCGATGACAGCTTCTCATAACTTATGTCATCATCTTAACACCGTA
chrIII	124246	7530	GAATCTATATTTCTATATACCAATATTACGATTATTACTCATTCGGTGTTATATGTTTCATTATCCTATTACATTATCAATCCTTCCACTTCAGCTTCCTCTCACTTCGATGACAGCTTCTCATAACTTCTGACATCATCTTAACACCGTA
chrIII	124247	2640	AATCTATATTTCTATATACCAATATTACGATTATTCCTCATTCCGTTTTATATGTTTCATTATCCTATTACATTATCAATCCTTACACTTCAGCTTCCTCTAACTTCGATGACAGCTTCTCATAACTTATGTCATCATCTTAACAC
chrIII	124247	2640	AATCTATATTTCTATATACCAATATTACGATTATTCCTCATTCCGTTTTATATGTTTCATTATCCTATTACATTATCAATCCTTACACTTCAGCTTCCTCTAACTTCGATGACAGCTTCTCATAACTTATGTCATCATCTTAACAC
chrIII	124247	2640	AATCTATATTTCTATATACCAATATTACGATTATTCCTCATTCCGTTTTATATGTTTCATTATCCTATTACATTATCAATCCTTACACTTCAGCTTCCTCTAACTTCGATGACAGCTTCTCATAACTTATGTCATCATCTTAACAC
chrIII	124247	2640	AATCTATATTTCTATATACCAATATTACGATTATTCCTCATTCCGTTTTATATGTTTCATTATCCTATTACATTATCAATCCTTACACTTCAGCTTCCTCTAAATTCGATGACAGCTTCTCATAACTTATGTCATCATCTTAACAC
chrIII	124248	70	ATCTATATTTCTATATACCAATATTACGATTATTCCTCATTCCGTTTTATATGTTTCATTATCCTATTACATTATCAATCCTTACACTTCAGCTTCCTCTAACTTCGATGACAGCTTCTCATAACTTATGTCATCATCTTAACACCGTATA
chrIII	124249	7530	TCTATATTTCTATATACCAATATTACGATTATTCCTCATTCCGTTTTATATGTTTCATTATCCTATTACATTATCAATCCTTACACTTCAGCTTCCTCTAACTTCGATGACAGCTTCTCATAACTTATGTCATCATCTTAACACCGTATAT
chrIII	124250	70	CTATATTTCTATATACCAATATTACGATTATTCCTCATTCCGTTTTATATGTTTCATTATCCTATTACATTATCAATCCTTACACTTCAGCTTCCTCTAACTTCGATGACAGCTTCTCATAACTTATGTCATCATCTTAACACCGTATATG
chrIII	124250	1410	
chrIII	124250	10150	CTATATTTCTATATACCAATATTACGATTATTCCTCATTCCGTTTTATATGTTTCATTATCCTATTACATTATCAATCCTTACACTTCAGCTTCCTCTAACTTCGATGACAGCTTCTCATAACTTATGTCATCATCTTAACACCGTATATG
chrIII	124250	70	CTATATTTCTATATACCAATATTACGATTATTCCTCATTCCGTTTTATATGTTTCATTATCCTATTACATTATCAATCCTTACACTTCAGCTTCCTCTAACTTCGATGACAGCTTCTCATAACTTATGTCATCATCTTAACACCGTATATG
chrIII	124250	70	CTATATTTCTATATACCAATATTACGATTATTCCTCATTCCGTTTTATATGTTTCATTATCCTATTACATTATCAATCCTTACACTTCAGCTTCCTCTAACTTCGATGACAGCTTCTCATAACTTATGTCATCATCTTAACACCGTATATG
chrIII	124250	2640	CTATATTTCTATATACCAATATTACGATTATTCCTCATTCCGTTTTATATGTTTCATTATCCTATTACATTATCAATCCTTACACTTCAGCTTCCTCTAACTTCGATGACAGCTTCTCATAACTTATGTCATCATCTTAACACCGTATATG
chrIII	124250	7530	CTATATTTCTATATACCAATATTACGATTATTCCTCATTCCGTTTTATATGTTTCATTATCCTATTACATTATCAATCCTTACACTTCAGCTTCCTCTAACTTCGATGACAGCTTCTCATAACTTATGTCATCATCTTAACACCGTATATG
chrIII	124250	2640	CTATATTTCTATATACCAATATTACGATTATTCCTCATTCCGTTTTATATGTTTCATTATCCTATTACATTATCAATCCTTACACTTCAGCTTCCTCTAACTTCGATGACAGCTTCTCATAACTTATGTCATCATCTTAACACCGTATATG
chrIII	124250	1410	CTATATTTCTATATACCAATATTACGATTATTCCTCATTCCGTTTTATATGTTTCATTATCCTATTACATTATCAATCCTTACACTTCAGCTTCCTCTAACTTCGATGACAGCTTCTCATAACTTATGTCATCATCTTAACACCGTATATG
chrIII	124250	2640	CTATATTTCTATATACCAATATTACGATTATTCCTCATTCCGTTTTATATGTTTCATTATCCTAGTACATTCTCAATCCTGACACTTCAGCTTCCTCTAACTTCGATGACAGCTACACATAACTTATGTCATCAGCTTAACACCGTCTATG
chrIII	124250	70	CTATATTTCTATATACCAATATTACGATTATTCCTCATTCCGTTTTATATGTTTCATTATCCTATTACATTATCAATCCTTACACTTCAGCTTCCTCTAACTTCGATGACAGCTTCTCATAACTTATGTCATCATCTTAACACCGTATATG
chrIII	124250	1410	CTATATTTCTATATACCAATATTACGATTATTCCTCATTCCGTTTTATATGTTTCATTATCCTATTACATTATCAATCCTTACACTTCAGCTTCCTCTAACTTCGATGACAGCTTCTCATAACTTATGTCATCATCTTAACACCGTATATG
chrIII	124250	10150	
chrIII	124250	70	CTATATTTCTATATACCAATATTACGATTATTCCTCATTCCGTTTTATATGTTTCATTATCCTATTACATTATCAATCCTTACACTTCAGCTTCCTCTAACTTCGATGACAGCTTCTCATAACTTATGTCATCATCTTAACACCGTATATG
chrIII	124250	2640	CTATATTTCTATATACCAATATTACGATTATTCCTCATTCCGTTTTATATGTTTCATTATCCTATT(AC)ACATTATCAATCCTTACACTTCAGCTTCCTCTAACTTCGATGACAGCTTCTCATAACTTATGTCATCATCTTAACACCGTATA
chrIII	124250	1410	CTATATTTCTATATACCAATATTACGATTATTCCTCATTCCGTTTTATATGTTTCATTATCCTATTACATTATCAATCCTTACACTTCAGCTTCCTCTAACTTCGATGACAGCTTCTCATAACTTATGTCATCATCTTAACACCGTATATG
chrIII	124250	2640	CTATATTTCTATATACCAATATTACGATTATTCCTCATTCCGTTTTATATGTTTCATTATCCTATTACATTATCAATCCTTACACTTCAGCTTCCTCTAACTTCGATGACAGCTTCTCATAACTTATGTCATCATCTTAAC
chrIII	124250	7530	CTATATTTCTATATACCAATATTACGATTATTCCTCATTCCGTTTTATATGTTTCATTATCCTATTACATTATCAATCCTTACACTTCAGCTTCCTCTAACTTCGATGACAGCTTCTCATAACTTATGTCATCATCTTAACACCGTATATG
chrIII	124250	70	CTATATTTCTATATACCAATATTACGATTATTCCTCATTCCGTTTTATATGTTTCATTATCCTATTACATTATCAATCCTTACACTTCAGCTTCCTCTAACTTCGATGACAGCTTCTCATAACTTATGTCATCATCTTAACACCGTATATG
chrIII	124250	70	CTATATTTCTATATACCAATATTACGATTATTCCTCATTCCGTTTTATATGTTTCATTATCCTATTACATTATCAATCCTTACACTTCAGCTTCCTCTAACTTCGATGACAGCTTCTCATAACTTATGTCATCATCTTAACACCGTATATG
chrIII	124250	2640	CTATATTTCTATATACCAATATTACGATTATTCCTCATTCCGTTTTATATGTTTCATTATCCTATTACATTATCAATCCTTACACTTCAGCTTCCTCTAACTTCGATGACAGCTTCTCATAACTTATGTCATCATCTTAAC
chrIII	124250	7530	CTATATTTCTATATACCAATATTACGATTATTCCTCATTCCGTTTTATATGTTTCATTATCCTATTACATTATCAATCCTTACACTTCAGCTTCCTCTAACTTCGATGACAGCTTCTCATAACTTATGTCATCATCTTAACACCGTATATG
chrIII	124250	2640	CTATATTTCTATATACCAATATTACGATTATTCCTCATTCCGTTTTATATGTTTCATTATCCTATTACATTATCAATCCTTACACTTCAGCTTCCTCTAACTTCGATGACAGCTTCTCATAACTTATGTCATCATCTTAAC
chrIII	124250	70	CTATATTTCTATATACCAATATTACGATTATTCCTCATTCCGTTTTATATGTTTCATTATCCTATTACATTATCAATCCTAACACT(AAAGATACCACAAAATACGATTACAGATAAAAATAAATAATTACAACAAATAAACACCGAATATT)
chrIII	124250	2640	CTATATTTCTATATACCAATATTACGATTATTCCTCATTCCGTTTTATATGTTTCATTATCCTATTACATTATCAATCCTTACACTTCAGCTTCCTCTAACTTCGATGACAGCTTCTCATAACTTATGTCATCATCTTAAC
chrIII	142657	70	AAG-AAAAAAAAAAAAATAGTATATAAAGTAAAAAAGATGCGCAAGCCCGGAATCGAACCGGGGGCCCAACGATGGCAACGTTGGATTTTACCACTAAACCACTTGCGCTAGTAATCTTGATACATGATTCGAGAAAAGCAACAATATTATG
chrIII	142657	2640	AAG-AAAAAAAAAAAAATAGTATATAAAGTAAAAAAGATGCGCAAGCCCGGAATCGAACCGGGGGCCCAACGATGGCAACGTTGGATTTTACCACTAAACCACTTGCGCTAGTAATCTTGATACATGATTCGAGAAAAGCAACAATATTATG
chrIII	142658	70	ATAAAAAAAAAAAAAATAGTATATAAAGTAAAAAAGCTGCGCAAGCCCGGAATCGAACCGGGGGCCCAACGATGGCAACGTTGGATTTTACCACTAAACCACTTGCGCTAGTAATCTTGATACATGATTCGAGAAAAGCAACAATATTATG
chrIII	142658	1410	ATAAAAAAAAAAAAAATAGTATATAAAGTAAAAAAGATGCGCAAGCCCGGAATCGAACCGGGGGCCCAACGATGGCAACGTTGGATTTTACCACTAAACCACTTGCGCTAGTAATCTTGATACATGATTCGAGAAAAGCAACAATATTATG
chrIII	142659	5150	CAAAAAAAAAAAAAATAGTATATAAAGTAAAAAAGATGCGCAAGCCCGGAATCGAACCGGGGGCCCAACGATGGCAACGTTGGATTTTACCACTAAACCACTTGCGCTAGTAATCTTGATACATGATTCGAGAAAAGCAACAATATTATGT
chrIII	142659	2640	TAAAAAAAAAAAAAATAGTATATAAAGTAAAAAAGATGCGCAAGCCCGGAATCGAACCGGGGGCCCAACGATGGCAACGTTGGATTTTACCACTAAACCACTTGCGCTAGTAATCTTGATACATGATTCGAGAAAAGCAACAATATTATGT
chrIII	142659	1410	AAAAAAAAAAAAAAATAGTATATAAAGTAAAAAAGATGCGCAAGCCCGGAATCGAACCGGGGGCCCAACGATGGCAACGTTGGATTTTACCACTAAACCACTTGCGCTAGTAATCTTGATACATGATTCGAGAAAAGCAACAATATTATGT
chrIII	142659	1410	AAAAAAAAAAAAAAATAGTATATAAAGTAAAAAAGATGCGCAAGCCCGGAATCGAACCGGGGGCCCAACGATGGCAACGTTGGATTTTACCACTAAACCACTTGCGCTAGTAATCTTGATACATGATTCGAGAAAAGCAACAATATTATGT
chrIII	142659	5150	AAAAAAAAAAAAAAATAGTATATAAAGTAAAAAAGATGCGCAAGCCCGGAATCGAACCGGGGGCCCAACGATGGCAACGTTGGATTTTACCACTAAACCACTTGCGCTAGTAATCTTGATACATGATTCGAGAAAAGCAACAATATTATGT
chrIII	142659	7530	TAAAAAAAAAAAAAATAGTATATAAAGTAAAAAAGATGCGCAAGCCCGGAATCGAACCGGGGGCCCAACGATGGCAACGTTGGATTTTACCACTAAACCACTTGCGCTAGTAATCTTGATACATGATTCGAGAAAAGCAACAATATTATGT
chrIII	142659	7530	TAAAAAAAAAAAAAATAGTATATAAAGTAAAAAAGATGCGCAAGCCCGGAATCGAACCGGGGGCCGAACGATGGCAACGTTGGATTTTACCACTAAACCACTTGCGCTAGTAATCTTGATACATGATTCGAGAAAAGCAACAATATTATGT
chrIII	142659	7530	AAAAAAAAAAAAAAATAGTATATAAAGTAAAAAAGATGCGCAAGCCCGGAATCGAACCGGGGGCCCAACGATGGCAACGTTGGATTTTACCACTAAACCACTTGCGCTAGTAATCTTGATACATGATTCGAGAAAAGCAACAATATTATGT
chrIII	142659	1410	AAAAAAAAAAAAAAATAGTATATAAAGTAAAAAAGATGCGCAAGCCCGGAATCGAACCGGGGGCCCAACGATGGCAACGTTGGATTTTACCACTAAACCACTTGCGCTAGTAATCTTGATACATGATTCGAGAAAAGCAACAAAATTATGT
chrIII	142659	10150	CAAAAAAAAAAAAAATAGTATATAAAGTAAAAAAGATGCGCAAGCCCGGAATCGAACCGGGGGCCCAACGATGGCAACGTTGGATTTTACCACTAAACCACTTGCGCTAGTAATCTTGATACATGATTCGAGAAAAGCAACAATATTATGT
chrIII	142659	2640	TAAAAAAAAAAAAAATAGTATATAAAGTAAAAAAGATGCGCAAGCCCGGAATCGAACCGGGGGCCCAACGATGGCAACGTTGGATTTTACCACTAAACCACTTGCGCTAGTAATCTTGATACATGATTCGAGAAAAGCAACAATATTATGT
chrIII	142659	2640	AAAAAAAAAAAAAAATAGTATATAAAGTAAAAAAGATGCGCAAGCCCGGAATCGAACCGGGGGCCCAACGATGGCAACGTTGGATTTTACCACTAAACCACTTGCGCTAGTAATCTTGATACATGATTCGAGAAAAGCAACAATATTATGT
chrIII	142659	2640	CAAAAAAAAAAAAAATAGTATATAAAGTAAAAAAGATGCGCAAGCCCGGAATCGAACCGGGGGCCCAACGATGGCAACGTTGGATTTTACCACTAAACCACTTGCGCTAGTAATCTTGATACATGATTCGAGAAAAGCAACAATATTATGT
chrIII	142660	2640	AAAAAAAAAAAAAATAGTATATAAAGTAAAAAAGATGCGCAAGCCCGGAATCGAACCGGGGGCCCAACGATGGCAACGTTGGATTTTACCACTAAACCACTTGCGCTAGTAATCTTGATACATGATTCGAGAAAAGCAACAATATTATGT
chrIII	142660	1410	AAAAAAAAAAAAAATAGTATATAAAGTAAAAAAGATGCGCAAGCCCGGAATCGAACCGGGGGCCCAACGATGGCAACGTTGGATTTTACCACTAAACCACTTGCGCTAGTAATCTTGATACATGATTCGAGAAAAGCAACAATATTATGT
chrIII	142660	2640	AAAAAAAAAAAAAATAGTATATAAAGTAAAAAAGATGCGCAAGCCCGGAATCGAACCGGGGGCCCAACGATGGCAACGTTGGATTTTACCACTAAACCACTTGCGCTAGTAATCTTGATACATGATTCGAGAAAAGCAACAATATTATGT
chrIII	142660	2640	AAAAAAAAAAAAAATAGTATATAAAGTAAAAAAGATGCGCAAGCCCGGAATCGAACCGGGGGCCCAACGATGGCAACGTTGGATTTTACCACTAAACCACTTGCGCTAGTAATCTTGATACATGATTCGAGAAAAGCAACAATATTATGT
chrIII	142660	70	AAAAAAAAAAAAAATAGTATATAAAGTAAAAAAGATGCGCAAGCCCGGAATCGAACCGGGGGCCCAACGATGGCAACGTTGGATTTTACCACTAAACCACTTGCGCTAGTAATCTTGATACATGATTCGAGAAAAGCAACAATATTATGT
chrIII	142660	7530	AAAAAAAAAAAAAATAGTATATAAAGTAAAAAAGATGCGCAAGCCCGGAATCGAACCGGGGGCCCAACGATGGCAACGTTGGATTTTACCACTAAACCACTTGCGCTAGTAATCTTGATACATGATTCGAGAAAAGCAACAATATTATG
chrIII	142660	2640	AAAAAAAAAAAAAATAGTATATAAAGTAAAAAAGATGCGCAAGCCCGGAATCGAACCGGGGGCCCAACGATGGCAACGTTGGATTTTACCACTAAACCACTTGCGCTAGTAATCTTGATACATGATTCGAGAAAAGCAACAATATTATGT
chrIII	142660	5150	AAAAAAAAAAAAAATAGTATATAAAGTAAAAAAGATGCGCAAGCCCGGAATCGAACCGGGGGCCCAACGATGGCAACGTTGGATTTTACCACTAAACCACTTGCGCTAGTAATCTTGATACATGATTCGAGAAAAGCAACAATATTATGT
chrIII	142660	7530	AAAAAAAAAAAAAATAGTATATAAAGTAAAAAAGATGCGCAAGCCCGGAATCGAACCGGGGGCCCAACGATGGCAACGTTGGATTTTACCACTAAACCACTTGCGCTAGTAATCTTGATACATGATTCGAGAAAAGCAACAATATTATGT
chrIII	142660	2640	AAAAAAAAAAAAAATAGTATATAAAGTAAAAAAGATGCGCAAGCCCGGAATCGAACCGGGGGCCCAACGATGGCAACGTTGGATTTTACCACTAAACCACTTGCGCTAGTAATCTTGATACATGATTCGAGAAAAGCAACAATATTATGT
chrIII	142660	2640	AAAAAAAAAAAAAATAGTATATAAAGTAAAAAAGATGCGCAAGCCCGGAATCGAACCGGGGGCCCAACGATGGCAACGTTGGATTTTACCACTAAACCACTTGCGCTAGTAATCTTGATACATGATTCGAGAAAAGCAACAATATTATGT
chrIII	142660	70	AAAAAAAAAAAAAATAGTATATAAAGTAAAAAAGATGCGCAAGCCCGGAATCGAACCGGGGGCCCAACGATGGCAACGTTGGATTTTACCACTAAACCACTTGCGCTAGTAATCTTGATACATGATTCGAGAAAAGCAACAATATTATGT
chrIII	142660	2640	AAAAAAAAAAAAAATAGTATATAAAGTAAAAAAGATGCGCAAGCCCGGAATCGAACCGGGGGCCCAACGATGGCAACGTTGGATTTTACCACTAAACCACTTGCGCTAGTAATCTTGATACATGATTCGAGAAAAGCAACAATATTATG
chrIII	142660	7530	AAAAAAAAAAAAAATAGTATATAAAGTAAAAAAGATGCGCAAGCCCGGAATCGAACCGGGGGCCCAACGATGGCAACGTTGGATTTTACCACTAAACCACTTGCGCTAGTAATCTTGATACATGATTCGAGAAAAGCAACAATATTATG
chrIII	142661	70	AAAAAAAAAAAAATAGTATATAAAGTAAAAAAGATGCGCAAGCCCGGAATCGAACCGGGGGCCCAACGATGGCAACGTTGGATTTTACCACTAAACCACTTGCGCTAGTAATCTTGATACATGATTCGAGAAAAGCAACAATATTATGTAT
chrIII	142661	7530	AAAAAAAAAAAAATAGTATATAAAGTAAAAAAGATGCGCAAGCCCGGAATCGAACCGGGGGCCCAACGATGGCAACGTTGGATTTTACCACTAAACCACTTGCGCTAGTAATCTTGATACATGATTCGAGAAAAGCAACAATATTATGTAT
chrIII	142661	70	AAAAAAAAAAAAATAGTATATAAAGTAAAAAAGATGCGCAAGCCCGGAATCGAACCGGGGGCCCAACGATGGCAACGTTGGATTTTACCACTAAACCACTTGCGCTAGTAATCTTGATACATGATTCGAGAAAAGCAACAATATTATGT
chrIII	142661	1410	(AG)AAAAAAAAAAAAATAGTATATAAAGTAAAAAAGATGCGCAAGCCCGGAATCGAACCGGGGGCCCAACGATGGCAACGTTGGATTTTACCACTAAACCACTTGCGCTAGTAATCTTGATACATGATTCGAGAAAAGCAACAATATTATGT
chrIII	142661	5150	(AAC)AAAAAAAAAAAAATAGTATATAAAGTAAAAAAGATGCGCAAGCCCGGAATCGAACCGGGGGCCCAACGATGGCAACGTTGGATTTTACCACTAAACCACTTGCGCTAGTAATCTTGATACATGATTCGAGAAAAGCAACAATATTATG
chrIII	142661	5150	(AT)AAAAAAAAAAAAATAGTATATAAAGTAAAAAAGATGCGCAAGCCCGGAATCGAACCGGGGGCCCAACGATGGCAACGTTGGATTTTACCACTAAACCACTTGCGCTAGTAATCTTGATACATGATTCGAGAAAAGCAACAATATTATGT
chrIII	142661	5150	AAAAAAAAAAAAATAGTATATAAAGTAAAAAAGATGCGCAAGCCCGGAATCGAACCGGGGGCCCAACGATGGCAACGTTGGATTTTACCACTAAACCACTTGCGCTAGTAATCTTGATACATGATTCGAGAAAAGCAACAATATTATGTAT
chrIII	142661	70	AAAAAAAAAAAAATAGTATATAAAGTAAAAAAGATGCGCAAGCCCGGAATCGAACCGGGGGCCCAACGATGGCAACGTTGGATTTTACCACTAAACCACTTGCGCTAGTAATCTTGATACATGATTCGAGAAAAGCAACAATATTATGT
chrIII	142661	10150	AAAAAAAAAAAAATAGTATATAAAGTAAAAAAGATGCGCAAGCCCGGAATCGAACCGGGGGCCCAACGATGGCAACGTTGGATTTTACCACTAAACCACTTGCGCTAGTAATCTTGATACATGATTCGAGAAAAGCAACAATATTATGTAT
chrIII	142661	5150	(AC)AAAAAAAAAAAAATAGTATATAAAGTAAAAAAGATGCGCAAGCCCGGAATCGAACCGGGGGCCCAACGATGGCAACGTTGGATTTTACCACTAAACCACTTGCGCTAGTAATCTTGATACATGATTCGAGAAAAGCAACAATATTATGT
chrIII	142661	5150	(AC)AAAAAAAAAAAAATAGTATATAAAGTAAAAAAGATGCGCAAGCCCGGAATCGAACCGGGGGCCCAACGATGGCAACGTTGGATTTTACCACTAAACCACTTGCGCTAGTAATCTTGATACATGATTCGAGAAAAGCAACAATATTATGT
chrIII	142661	1410	AAAAAAAAAAAAATAGTATATAAAGTAAAAAAGATGCGCAAGCCCGGAATCGAACCGGGGGCCCAACGATGGCAACGTTGGATTTTACCACTAAACCACTTGCGCTAGTAATCTTGATACATGATTCGAGAAAAGCAACAATATTATGTAT
chrIII	142661	5150	(AG)AAAAAAAAAAAAATAGTATATAAAGTAAAAAAGATGCGCAAGCCCGGAATCGAACCGGGGGCCCAACGATGGCAACGTTGGATTTTACCACTAAACCACTTGCGCTAGTAATCTTGATACATGATTCGAGAAAAGCAACAATATTATGT
chrIII	142662	7530	(AAG)AAAAAAAAAAAATAGTATATAAAGTAAAAAAGATGCGCAAGCCCGGAATCGAACCGGGGGCCCAACGATGGCAACGTTGGATTTTACCACTAAACCACTTGCGCTATTAATCTTGATACATGATTCGAGAAAAGCAACAATATTATGT
chrIII	142663	2640	AAAAAAAAAAATAGTATATAAAGTAAAAAAGATGCGCAAGCCCGGAATCGAACCGGGGGCCCAACGATGGCAACGTTGGATTTTACCACTAAACCACTTGCGCTAGTAATCTTGATACATGATTCGAGAAAAGCAACAATATTATGTATAC
chrIII	142663	7530	AAAAAAAAAAATAGTATATAAAGTAAAAAAGATGCGCAAGCCCGGAATCGAACCGGGGGCCCAACGATGGCAACGTTGGATTTTACCACTAAACCACTTGCGCTAGTAATCTTGATACATGATTCGAGAAAAGCAACAATATTATGTATAC
chrIII	142665	7530	AAAAAAAAATAGTATATAAAGTAAAAAAGATGCGCAAGCCCGGAATCGAACCGGGGGCCCAACGATGGCAACGTTGGATTTTACCACTAAACCACTTGCGCTAGTAATCTTGATACATGATTCGAGAAAAGCAACAATATTATGTATACGG
chrIII	142665	7530	AAAAAAAAATAGTATATAAAGTAAAAAAGATGCGCAAGCCCGGAATCGAACCGGGGGCCCAACGATGGCAACGTTGGATTTTACCACTAAACCACTTGCGCTAGTAATCTTGATACATGATTCGAGAAAAGCAACAATATTATGTATACGG
chrIII	142665	7530	AAAAAAAAATAGTATATAAAGTAAAAAAGATGCGCAAGCCCGCACTCGAACCGGGGGCCCAACGATGGCAACGTTGGATTTTACCACTAAACCACTTGCGCTAGTAATCTTGATACATGATTCGAGAAAAGCAACAATATTAGGTATACAG
chrIII	142666	70	AAAAAAAATAGTATATAAAGTAAAAAAGATGCGCAAGCCCGGAATCGAACCGGGGGCCCAACGATGGCAACGTTGGATTTTACCACTAAACCACTTGCGCTAGTAATCTTGATACATGATTCGAGAAAAGCAACAATATTATGTATACGGA
chrIII	142666	5150	AAAAAAAATAGTATATAAAGTAAAAAAGATGCGCAAGCCCGGAATCGAACCGGGGGCCCAACGATGGCAACGTTGGATTTTACCACTAAACCACTTGCGCTAGTAATCTTGATACATGATTCGAGAAAAGCAACAATATTATGTATACGGA
chrIII	142666	70	AAAAAAAATAGTATATAAAGTAAAAAAGATGCGCAAGCCCGGAATCGAACCGGGGGCCCAACGATGGCAACGTTGGATTTTACCACTAAACCACTTGCGCTAGTAATCTTGATACATGATTCGAGAAAAGCAACAATATTATGTATACGGA
chrIII	142666	7530	AAAAACAAGAGTATATAAAGTAAAAAAGATGCGCAAGCCCGGAATCGAACCGGGGGCCCAACGATGGCAACGTTGGATTTTACCACTAAACCACTTGCGCTAGTAATCTTGATACATGATTCGAGAAAAGCAACAATATTATGTATACGGA
chrIII	142666	70	AAAAAAAATAGTATATAAAGTAAAAAAGATGCGCAAGCCCGGAATCGAACCGGGGGCCCAACGATGGCAACGTTGGATTTTACCACTAAACCACTTGCGCTAGTAATCTTGATACATGATTCGAGAAAAGCAACAATATTATGTATACGGA
chrIII	142666	70	AAAAAAAATAGTATATAAAGTAAAAAAGATGCGCAAGCCCGGAATCGAACCGGGGGCCCAACGATGGCAACGTTGGATTTTACCACTAAACCACTTGCGCTAGTAATCTTGATACATGATTCGAGAAAAGCAACAATATTATGTATACGGA
chrIII	142667	2640	AAAAAAATAGTATATAAAGTAAAAAAGATGCGCAAGCCCGGAATCGAACCGGGGGCCCAACGATGGCAACGTTGGATTTTACCACTAAACCACTTGCGCTAGTAATCTTGATACATGATTCGAGAAAAGCAACAATATTATGTATACGGAA
chrIII	142668	2640	AAAAAATAGTATATAAAGTAAAAAAGATGCGCAAGCCCGGAATCGAACCGGGGGCCCAACGATGGCAACGTTGGATTTTACCACTAAACCACTTGCGCTAGTAATCTTGATACATGATTCGAGAAAAGCAACAATATTATGTATACGGAAT
chrIII	142668	7530	AAAAAATAGTATATAAAGTAAAAAAGATGCGCAAGCCCGGAATCGAACCGGGGGCCCAACGATGGCAACGTTGGATTTTACCACTAAACCACTTGCGCTAGTAATCTTGATACATGATTCGAGAAAAGCAACAATATTAGGTATACAGAAT
chrIII	142668	1410	AAAAAATAGTATATAAAGTAAAAAAGATGCGCAAGCCCGGAATCGAACCGGGGGCCCAACGATGGCAACGTTGGATTTTACCACTAAACCACTTGCGCTAGTAATCTTGATACATGATTCGAGAAAAGCAACAATATTATGTATACGGAAT
chrIII	142668	1410	AAAAAATAGTATATAAAGTAAAAAAGATGCGCAAGCCCGGAATCGAACCGGGGGCCCAACGATGGCAACGTTGGATTTTACCACTAAACCACTTGCGCTAGTAATCTTGATACATGATTCGAGAAAAGCAACAATATTATGTATACGGAAT
chrIII	142668	7530	AAAAAATAGTATATAAAGTAAAAAAGATGCGCAAGCCCGGAATCGAACCGGGGGCCCAACGATGGCAACGTTGGATTTTACCACTAAACCACTTGCGCTAGTAATCTTGATACATGATTCGAGAAAAGCAACAATATTATGTATACGGAAT
chrIII	142668	7530	AAAAAATAGTATATAAAGTAAAAAAGATGCGCAAGCCCGGAATCGAACCGGGGGCCCAACGATGGCAACGTTGGATTTTACCACTAAACCACTTGCGCTAGTAATCTTGATACATGATTCGAGAAAAGCAACAATATTATGTATACGGAAT
chrIII	142668	10150	AAAAAATAGTATATAAAGTAAAAAAGATGCGCAAGCCCGGAATCGAACCGGGGGCCCAACGATGGCAACGTTGGATTTTACCACTAAACCACTTGCGCTAGTAATCTTGATACATGATTCGAGAAAAGCAACAATATTATGTATACGGAAT
chrIII	142668	2640	AAAAAATAGTATATAAAGTAAAAAAGATGCGCAAGCCCGGAATCGAACCGGGGGCCCAACGATGGCAACGTTGGATTTTACCACTAAACCACTTGCGCTAGTAATCTTGATACATGATTCGAGAAAAGCAACAATATTATGTATACGGAAT
chrIII	142668	2640	AAAAAATAGTATATAAAGTAAAAAAGATGCGCAAGCCCGGAATCGAACCGGGGGCCCAACGATGGCAACGTTGGCTTTTACCACTAAACCACTTGCGCTAGAAAACTTGATACATGATTCTAGAAAAGCAACAATATTATGTATACGGAAT
chrIII	142671	10150	AAATAGTATATAAAGTAAAAAAGATGCGCAAGCCCGGAATCGAACCGGGGGCCCAACGATGGCAACGTTGGATTTTACCACTAAACCACTTGCGCTAGTAATCTTGATACATGATTCGAGAAAAGCAACAATATTATGTATACGGAATAT
chrIII	142672	7530	AATAGTATATAAAGTAAAAAAGATGCGCAAGCCCGGAATCGAACCGGGGGCCCAACGATGGCAACGTTGGATTTTACCACTAAACCACTTGCGCTAGTAATCTTGATACATGATTCGAGAAAAGCAACAATATTAGGTATACAGAATATAC
chrIII	142672	10150	AATAGTATATAAAGTAAAAAAGATGCGCAAGCCCGGAATCGAACCGGGGGCCCAACGATGGCAACGTTGGATTTTACCACTAAACCACTTGCGCTAGTAATCTTGATACATGATTCGAGAAAAGCAACAATATTATGTATACGGAATATAC
chrIII	142672	7530	AATAGTATATAAAGTAAAAAAGATGCGCAAGCCCGGAATCGAACCGGGGGCCCAACGATGGCAACGTTGGATTTTACCACTAAACCACTTGCGCTAGTAATCTTGATACATGATTCGAGAAAAGCAACAATATTAGGTATACAGAATATAC
chrIII	142673	2640	ATAGTATATAAAGTAAAAAAGATGCGCAAGCCCGGAATCGAACCGGGGGCCCAACGATGGCAACGTTGGATTTTACCACTAAACCACTTGCGCTAGTAATCTTGATACATGATTCGAGAAAAGCAACAATATTAGGTATACGGAATATACT
chrIII	142673	10150	ATAGTATATAAAGTAAAAAAGATGCGCAAGCCCGGAATCGAACCGGGGGCCCAACGATGGCAACGTTGGATTTTACCACTAAACCACTTGCGCTAGTAATCTTGATACATGATTCGAGAAAAGCAACAATATTATGTATACGGAATATACT
chrIII	142673	70	ATAGTATATAAAGTAAAAAAGATGCGCAAGCCCGGAATCGAACCGGGGGCCCAACGATGGCAACGTTGGATTTTACCACTAAACCACTTGCGCTAGTAATCTTGATACATGATTCGAGAAAAGCAACAATATTATGTATACGGAATATACT
chrIII	142673	70	ATAGTATATAAATTAAAAAAGATGCGCAAGCCCTGAATCGAACCGGGGGCCCAACGATGGCAACGTTGGATTTTACCACTAAACCACTTGCGCTAGTAATCTTGATACATGATTCGAGAAAAGCAACAATATTATGTATACGGAATATACT
chrIII	142673	2640	ATAGTATATAAAGTAAAAAAGATGCGCAAGCCCGGAATCGAACCGGGGGCCCAACGATGGCAACGTTGGATTTTACCACTAAACCACTTGCGCTAGTAATCTTGATACATGATTCGAGAAAAGCAACAATATTATGTATACGGAATATACT
chrIII	142673	2640	ATAGTATATAATGTAAAACAGATGCGCAAGCCCGGAATCGAACCGGGGGCCCAACGATGGCAACGTTGGATTTTACCACTAAACCACTTGCGCTAGTAATCTTGATACATGATTCGAGAAAAGCAACAATATTATGTATACGGAATATACT
chrIII	142673	7530	ATAGTATATAAAGTAAAAAAGATGCGCAAGCCCGGAATCGAACCGGGGGCCCAACGATGGCAACGTTGGATTTTACCACTAAACCACTTGCGCTAGTAATCTTGATACATGATTCGAGAAAAGCAACAATATTATGTATACGGAATATACT
chrIII	142673	70	ATAGTATAGAAATTAAAAAAGAGGCGCAAGCCCGGAATCGACCCGGGGGGCCAACGATGGCAACGTTGGATTTTACCACTAAACCACTTTCGCTAGTAATCTTGTTACATGATTCGAGAAAAGCAACAATATTATGTATACTTAATATACT
chrIII	142673	5150	ATAGTATATAAAGTAAAAAAGATGCGCAAGCCCGGAATCGAACCGGGGGCCCAACGATGGCAACGTTGGATTTTACCACTAAACCACTTGCGCTAGTAATCTTGATACATGATTCGAGAAAAGCAACAATATTATGTATACGGAATATACT
chrIII	142673	2640	ATAGTATATAAAGTAAAAAAGATGCGCAAGCCCGGAATCGAACCGGGGGCCCAACGATGGCAACGTTGGATTTTACCACTAAACCACTTGCGCTAGTAATCTTGATACATGATTCGAGAAAAGCAACAATATTATGTATACGGAATATAC
chrIII	142673	2640	ATAGTATATAAAGTAAAAAAGATGCGCAAGCCCGGAATCGAACCGGGGGCCCAACGATGGCAACGTTGGATTTTACCACTAAACCACTTGCGCTAGTAATCTTGATACATGATTCGAGAAAAGCAACAATATTATGTATACGGAATATAC
chrIII	142673	7530	ATAGTATATAAAGTAAAAAAGATGCGCAAGCCCGGAATCGAACCGGGGGCCCAACGATGGCAACGTTGGATTTTACCACTAAACCACTTGCGCTAGTAATCTTGATACATGATTCGAGAAAAGCAACAATATTATGTATACGGAATATA
chrIII	142673	1410	ATAGTATATAAAGTAAAAAAGATGCGCAAGCCCGGAATCGAACCGGGGGCCCAACGATGGCAACGTTGGATTTTACCACTAAACCACTTGCGCTAGTAATCTTGATACATGATTCGAGAAAAGCAACAATATTATGTATACGGAATATACT
chrIII	142673	7530	ATAGTATATAAAGTAAAAAAGATGCGCAAGCCCGGAATCGAACCGGGGGCCCAACGATGGCAACGTTGGATTTTACCACTAAACCACTTGCGCTAGTAATCTTGATACATGATTCGAGAAAAGCAACAATATTATGTATACGGAATATACT
chrIII	142673	1410	ATAGTATATAAAGTAAAAAAGATGCGCAAGCCCGGAATCGAACCGGGGGCCCAACGATGGCAACGTTGGATTTTACCACTAAAGCACTTGCGCTAGTAATCTTGATACATGATTCGAGAAAAGCAACAATATTATGTATACGGAATATACT
chrIII	142673	70	ATAGTATATAAAGTAAAAAAGATGCGCAAGCCCGGAATCGAACCGGGGGCCCAACGATGGCAACGTTGGATTTTACCACTATACCACTTGCGCTAGTAATCTTGATACATGATTCGAGAAAAGCAACAATATTATGTATACGGACTATA
chrIII	142673	1410	ATAGTATATAAAGTAAAAAAGATGCGCAAGCCCGGAATCGAACCGGGGGCCCAACGATGGCAACGTTGGATTTTACCACTAAACCACTTGCGCTAGTAATCTTGATACATGATTCGAGAAAAGCAACAATATTATGTATACGGAATATACT
chrIII	142673	1410	ATAGTATATAAAGTAAAAAAGATGCGCAAGCCCGGAATCGAACCGGGGGCCCAACGATGGCAACGTTGGATTTTACCACTAAACCACTTGCGCTAGTAATCTTGATACATGATTCGAGAAAAGCAACAATATTATGTATACGGAATATACT
chrIII	142673	2640	ATAGTATATAAAGTAAAAAAGATGCGCAAGCCCGGAATCGAACCGGGGGCCCAACGATGGCAACGTTGGATTTTACCACTAAACCACTTGCGCTAGTAATCTTGATACATGATTCGAGAAAAGCAACAATATTATGTATACGGAATATACT
chrIII	142673	2640	ATAGTATATAAAGTAAAAAAGATGCGCAAGCCCGGAATCGAACCGGGGGCCCAACGATGGCAACGTTGGATTTTACCACTAAACCACTTGCGCTAGTAATCTTGATACATGATTCGAGAAAAGCAACAATATTATGTATACGGAATATACT
chrIII	142673	7530	ATAGTATATAAAGTAAAAAAGATGCGCAAGCCCGGAATCGAACCGGGGGCCCAACGATGGCAACGTTGGATTTTACCACTAAACCACTTGCGCTAGTAATCTTGATACATGATTCGAGAAAAGCAACAATATTATGTATACGGAATATACT
chrIII	142673	2640	ATAGTATATAAAGTAAAAAAGATGCGCAAGCCCGGAATCGAACCGGGGGCCCAACGATGGCAACGTTGGATTTTACCACTAAACCACTTGCGCTAGTAATCTTGATACATGATTCGAGAAAAGCAACAATATTATGTATACGGAATATA
chrIII	142673	7530	ATAGTATATAAAGTAAAAAAGATGCGCAAGCCCGGAATCGAACCGGGGGCCCAACGATGGCAACGTTGGATTTTACCACTAAACCACTTGCGCTAGTAATCTTGATACATGATTCGAGAAAAGCAACAATATTAGGTATACAGAATATACT
chrIII	142673	7530	ATAGTATATAAAGTAAAAAAGATGCGCAAGCCCGGAATCGAACCGGGGGCCCAACGATGGCAACGTTGGATTTTACCACTAAACCACTTGCGCTAGTAATCTTGATACATGATTCGAGAAAAGCAACAATATTAGGTATACAGAATATA
chrIII	142673	2640	ATAGTATATAAAGTAAAAAAGATGCGCAAGCCCGGAATCGAACCGGGGGCCCAACGATGGCAACGTTGGATTTTACCACTAAACCACTTGCGCTAGTAATCTTGATACATGATTCGAGAAAAGCAACAATATTATGTATACGGAATATACT
chrIII	142673	70	ATAGTATATAAAGTAAAAAAGATGCGCAAGCCCGGAATCGAACCGGGGGCCCACCGATGGCAACGTTGGATTTTACCACTAAACCACTTGCGCTAGTAATCTTGATACATGATTCGAGAAAAGCTACAATATTATGTATACGGAATATACT
chrIII	142673	7530	ATAGTATATAAAGTAAAAAAGATGCGCAAGCCCGGAATCGAACCGGGGGCCCAACGATGGCAACGTTGGATTTTACCACTAAACCACTTGCGCTAGTAATCTTGATACATGATTCGAGAAAAGCAACAATATTAGGTATACAGAATATACT
chrIII	142673	5150	ATAGTATATAAAGTAAAAAAGATGAGCAAGCCCGGAATCGAAACGGGGGCCCAACTATGGCAACGTTGGATTTTACCACTAAACCACTTGCGCTAGTAATCTTGATACATGATTCGAGAAAAGCAACAATATTATGTATACGGAATATACT
chrIII	142673	5150	ATAGTATATAAAGTAAAAAAGATGCGCAAGCCCGGAATCGAACCGGGGGCCCAACGATGGCAACGTTGGATTTTACCACTAAACCACTTGCGCTAGTAATCTTGATACATGATTCGAGAAAAGCAACAATATTATGTATACGGAATATACT
chrIII	142673	5150	ATAGTATATAAAGTAAAAAAGATGCGCAAGCCCGGAATCGAACCGGGGGCCCAACGATGGCAACGTTGGATTTTACCACTAAACCACTTGCGCTAGTAATCTTGATACATGATTCGAGAAAAGCAACAATATTATGTATACGGAATATACT
chrIII	142673	70	ATAGTATATAAAGTAAAAAAGATGCGCAAGCCCGGAATCGAACCGGGGGCCCAACGATGGCAACGTTGGATTTTACCACTAAACCACTTGCGCTAGTAATCTTGATACATGATTCGAGAAAAGCAACAATATTATGTATACGGAATATACT
chrIII	142673	10150	ATAGTATATAAAGTAAAAAAGATGCGCAAGCCCGGAATCGAACCGGGGGCCCAACGATGGCAACGTTGGATTTTACCACTAAACCACTTGCGCTAGTAATCTTGATACATGATTCGAGAAAAGCAACAATATTATGTATACGGAATATACT
chrIII	142673	70	ATAGTATATAAAGTAAAAAAGATGCGCAAGCCCGGAATCGAACCGGGGGCCCAACGATGGCAACGTTGGATTTTACCACTAAACCACTTGCGCTAGTAATCTTGATACATGATTCGAGAAAAGCAACAATATTATGTATACGGAATATACT
chrIII	142674	2640	TAGTATATAAAGTAAAAAAGATGCGCCAGCCCGGAATCGAACCGGGGGCCCAACGATGGCAACGTTGGATTTTACCACTAAACCACTTGCGCTAGTAATCTTGATACATGATTCGAGAAAAGCAACAATATTATGTATACGGAATATACTA
chrIII	142675	10150	AGTATATAAAGTAAAAAAGATGCGCAAGCCCGGAATCGAACCGGGGGCCCAACGATGGCAACGTTGGATTTTACCACTAAACCACTTGCGCTAGTAATCTTGATACATGATTCGAGAAAAGCAACAATATTATGTATACGGAATATACT
chrIII	142675	5150	AGTATATAAAGTAAAAAAGATGCGCAAGCCCGGAATCGAACCGGGGGCCCAACGATGGCAACGTTGGATTTTACCACTAAACCACTTGCGCTAGTAATCTTGATACATGATTCGAGAAAAGCAACAATATTATGTATACGGAATATACTAG
chrIII	142675	70	AGTATATAAAGTAAAAAAGATGCGCAAGCCCGGAATCGAACCGGGGGCCCAACGATGGCAACGTTGGATTTTACCACTAAACCACTTGCGCTAGTAATCTTGATACATGATTCGAGAAAAGCAACAATATTATGTATACGGAATATACTAG
chrIII	142676	10150	GTATATAAAGTAAAAAAGATGCGCAAGCCCGGAATCGAACCGGGGGCCCAACGATGGCAACGTTGGATTTTACCACTAAACCACTTGCGCTAGTAATCTTGATACATGATTCGAGAAAAGCAACAATATTATGTATACGGAATATACTAGG
chrIII	142676	7530	GTATATAAAGTAAAAAAGATGCGCAAGCCCGGAATCGAACCGGGGGCCCAACGATGGCAACGTTGGATTTTACCACTAAACCACTTGCGCTAGTAATCTTGATACATGATTCGAGAAAAGCAACAATAGTATGTATACGGAATATACAAGG
chrIII	142676	5150	GTATATAAAGTAAAAAAGATGCGCAAGCCCGGAATCGAACC(G)GGGGGCCCAACGATGGCAACGTTGGATTTTACCACTAAACCACTTGCGCTAGTAATCTTGATACATGATTCGAGAAAAGCAACAATATTATGTATACGGAATATACT
chrIII	142676	7530	GTATATAAAGTAAAAAAGATGCGCAAGCCCGGAATCGAACCGGGGGCCCAACGATGGCAACGTTGGATTTTACCACTAAACCACTTGCGCTAGTAATCTTGATACATGATTCGAGAAAAGCAACAATATTATGTATACGGAATATACTAGG
chrIII	142676	7530	GTATATAAAGTAAAAAAGATGCGCAAGCCCGGAATCGAACCGGGGGCCCAACGATGGCAACGTTGGATTTTACCACTAAACCACTTGCGCTAGTAATCTTGATACATGATTCGAGAAAAGCAACAATATTATGTATACGGAATATACTAGG
chrIII	142676	10150	GTATATAAAGTAAAAAAGATGCGCAAGCCCGGAATCGAACCGGGGGCCCAACGATGGCAACGTTGGATTTTACCACTAAACCACTTGCGCTAGTAATCTTGATACATGATTCGAGAAAAGCAACAATATTATGTATACGGAATATACTAGG
chrIII	142676	1410	GTATATAAAGTAAAAAAGATGCGCAAGCCCGGAATCGAACCGGGGGCCCAACGATGGCAACGTTGGATTTTACCACTAAACCACTTGCGCTAGTAATCTTGATACATGATTCGAGAAAAGCAACAATATTATGTATACGGAATATACTAGG
chrIII	142676	1410	GTATATAAAGTAAAAAAGATGCGCAAGCCCGGAATCGAACCGGGGGCCCAACGATGGCAACGTTGGATTTTACCACTAAACCACTTGCGCTAGTAATCTTGATACATGATTCGAGAAAAGCAACAATATTATGTATACGGAATATACTAGG
chrIII	142677	7530	TATATAAAGTAAAAAAGATGCGCAAGCCCGGAATCGAACCGGGGGCCCAACGATGGCAACGTTGGATTTTACCACTAAACCACTTGCGCTAGTAATCTTGATACATGATTCGAGAAAAGCAACAATATTATGTATACGGAATATACTAGGA
chrIII	142677	7530	TATATAAAGTAAAAAAGATGCGCACGCCCGGAATCGAACCGGGGGCCCAACGATGGCAACGTTGGATTTTACCACTAAACCACTTGCGCTAGTAATCTTGATACATGATTCGAGAAAAGCAACAATATTATGTATACGGAATATACTAGGA
chrIII	142677	7530	TATATAAAGTAAAAAAGATGCGCAAGCCCGGAATCGAACCGGGGGCCCAACGATGGCAACGTTGGATTTTACCACTAAACCACTTGCGCTAGTAATCTTGATACATGATTCGAGAAAAGCAACAATATTATGTATACGGAATATACTAGGA
chrIII	142677	2640	TATATAAAGTAAAAAAGATGCGCAAGCCCGGAATCGAACCGGGGGCCCAACGATGGCAACGTTGGATTTTACCACTAAACCACTTGCGCTAGTAATCTTGATACATGATTCGAGAAAAGCAACAATATTATGTATACGGAATATACT
chrIII	142677	7530	TATATAAAGTAAAAAAGATGCTCAAGCCCGGAATCGTACCGGGTGCCCAACGATGGCAACGTTGGATTTTACCACTAACCCACTTGAGCTAGTAATCTTGATACATGATTCGAGTAAAGCAACAATATTATGTATTCGGAATATACTAGGA
chrIII	142677	70	TATATAAAGTAAAAAAGAGGCGCAAGCCCGGAATCGAACCGGGGGCCCCACGATGGCAACGTTGGATTTTACCACTAAACCACTTGCGCTAGTAATCTTGATACATGATTCGAGAAAAGCAACAATATTATGTATACGGAATATACTAGGA
chrIII	142677	2640	TATATAAAGTAAAAAAGATGCGCAAGCCCGGAATCGAACCGGGGGCCCAACGATGGCAACGTTGGATTTTACCACTAAACCACTTGCGCTAGTAATCTTGATACATGATTCGAGAAAAGCAACAATATTATGTATACGGAATATACT
chrIII	142677	70	TATATAAAGTAAAAAAGATGCGCAAGCCCGGAATCGAACCGGGGGCCCAACGATGGCAACGTTGGATTTTACCACTAAACCACTTGCGCTAGTAATCTTGATACATGATTCGAGAAAAGCAACACTATTATGTATACGGAATATACTAGGA
chrIII	142677	7530	TATATAAAGTAAAAAAGATGCGCAAGCCCGGAATCGAACCGGGGGCCCAACGATGGCAACGTTGGATTTTACCACTAAACCACTTGCGCTAGTAATCTTGATACATGATTCGAGAAAAGCAACAATATTATGTATACGGAATATACTAGG
chrIII	142677	70	TATATAAAGTAAAAAAGATGCGCAAGCCCGGAATCGAACCGGGGGCCCAACGATGGCAACGTTGGATTTTACCACTAAACCACTTGCGCTAGTAATCTTGATACATGATTCGAGAAAAGCAACAATATTATGTATACGGAATATACTAG
chrIII	142678	2640	ATATAAAGTAAAAAAGATGCGCAAGCCCGGAATCGAACCGGGGGCCCAACGATGGCAACGTTGGATTTTACCACTAAACCACTTGCGCTAGTAATCTTGATACATGATTCGAGAAAAGCAACAATATTATGTATACGGAATATACTAGGAG
chrIII	142678	7530	ATATAAAGTAAAAAAGATGCGCAAGCCCGGAATCGAACCGGGGGCCCAACGATGGCAACGTTGGATTTTACCACTAAACCACTTGCGCTAGTAATCTTGATACATGATTCGAGAAAAGCAACAATATTATGTATACGGAATATACTAGGAG
chrIII	142678	2640	ATATAAAGTAAAAAAGATGCGCAAGCCCGGAATCGAACCGGGGGCCCAACGATGGCAACGTTGGATTTTACCACTAAACCACTTGCGCTAGTAATCTTGATACATGATTCGAGAAAAGCAACAATATTATGTATACGGAATATACTAGGAG
chrIII	142678	2640	ATATATAGAAAAAAAGAAGCGCAAGCCCGGAATCGAACCGGGGGCCCAACGATGGCAACGTTGGATTTTACCACTAAACCACTTGCGCTAGTAATCTTGATACATGATTCGAGAAAAGCAACAATATTATGTATACGGAATATACTAGGAG
chrIII	142678	2640	ATATAAAGTAAAAATGATGCGCAAGCCCGGAATCGAACCGGGGGCCCATCGAGGGCAACGTTGGATGTGCCCACTAAACCACTTGCGCTAGTAAGCTTGATACATGATTCGAGAAAAGCATCAATAGTATCTATACGGAATAAACTAGGAG
chrIII	142678	2640	ATATAAAGTAAAAAAGATGCGCAAGCCCGGAATCGAACCGGGGGCCCAACGATGGCAACGTTGGATTTTACCACTAAACCACTTGCGCTAGTAATCTTGATACATGATTCGAGAAAAGCAACAATATTATGTATACGGAATATACTAGGAG
chrIII	142678	2640	ATATAAAGTAAAAAAGATGCGCAAGCCCGGAATCGAACCGGGGGCCCAACGATGGCAACGTTGGATTTTACCACTAAACCACTTGCGCTAGTAATCTTGATACATGATTCGAGAAAAGCAACAATATTATGTATACGGAATATACTAGGAG
chrIII	142678	1410	ATATAAAGTAAAAAAGATGCGCAAGCCCGGAATCGAACCGGGGGCCCAACGATGGCAACGTTGGATTTTACCACTAAACCACTTGCGCTAGTAATCTTGATACATGATTCGAGAAAAGCAACAATATTATGTATACGGAATATACTAGGAG
chrIII	142678	2640	ATATAAAGTAAAAAAGATGCGCAAGCCCGGAATCGAACCGGGGGCCCAACGATGGCAACGTTGGATTTTACCACTAAACCACTTGCGCTAGTAATCTTGATACATGATTCGAGAAAAGCAACAATATTATGTATACGGAATATACTAGGAG
chrIII	142678	2640	ATATAAAGTAAAAAAGATGCGCAAGCCCGGAATCGAACCGGGGGCCCAACGATGGCAACGTTGGATTTTACCACTAAACCACTTGCGCTAGTAATCTTGATACATGATTCGAGAAAAGCAACAATATTATGTATACGGAATATACTAGGAG
chrIII	142678	7530	ATATAAAGTAAAAAAGATGCGCAAGCCCGGACTCGAACCGGGGGCCCAACGATGGCAACGTTGGATTTTACCACTAAACCACTTGCGCTAGTAATCTTGATACATGATTCGAGAAAAGCAACAATATTATGTATACGGAATATACTAGGAG
chrIII	142678	7530	ATATAAAGTAAAAAAGATGCGCAAGCCCGGAATCGAACCGGGGGCCCAACGATGGCAACGTTGGATTTTACCACTAAACCACTTGCGCTAGTAATCTTGATACATGATTCGAGAAAAGCAACAATATTAGGTATACAGAATATACTAGAAG
chrIII	142678	7530	ATATAAAGTAAAAAAGATGCGCAAGCCCGGAATCGAACCGGGGGCCCAACGATGGCAACGTTGGATTTTACCACTAAACCACTTGCGCTAGTAATCTTGATACATGATTCGAGAAAAGCAACAATATTATGTATACGGAATATACTAGGAG
chrIII	142678	70	ATATAAAGTAAAAAAGATGCGCAAGCCCGGACTCGATCCGGGGGCCCAACGATGGCAACGTTGGATTTTGCCACTAAACCACTTGCGCTAGTATTCTTGATACATGAGTCGAGAAATGCAACAATATTATGTATACGGACTATACTAGGTG
chrIII	142678	5150	ATATAAAGTAAAAAAGATGCGCAAGCCCGGAATCGAACCGGGGGCCCAACGATGGCAACGTTGGATTTTACCACTAAACCACTTGCGCTAGTAATCTTGATACATGATTCGAGAAAAGCAACAATATTATGTATACGGAATATACTAGGA
chrIII	142678	2640	ATATAAAGTAAAAAAGATGCGCAACCCCGGAATCGAACCGGGGGCCCAACGATGGCAACGTTGGATTTTACCACTAAACCCCTTGCGCTAGTAATCTTGATACATGATTCGAGAAAAGCAACTATATTATGTATACGGAATATACTAGGAG
chrIII	142678	10150	ATATAAAGTAAAAAAGATGCGCAAGCCCGGAATCGAACCGGGGGCCCAACGATGGCAACGTTGGATTTTACCACTAAACCACTTGCGCTAGTAATCTTGATACATGATTCGAGAAAAGCAACAATATTATGTATACGGAATATACTAGGAG
chrIII	142678	7530	ATATAAAGTAAAAAAGATGCGCAAGCCCGGAATCGAACCGGGGGCCCAACGATGGCAACGTTGGATTTTACCACTAAACCACTTGCGCTAGTAATCTTGATACATGATTCGAGAAAAGCAACAATATTATGTATACGGAATATACTAGGAG
chrIII	142678	2640	ATATAAAGTAAAAAAGATGCGCAAGCCCGGAATCGAACCGGGGGCCCAACGATGGCAACGTTGGATTTTACCACTAAACCACTTGCGCTAGTAATCTTGATACATGATTCGAGAAAAGCAACAATATTATGTATACGGAATATACTAGGAG
chrIII	142678	2640	ATATAAAGTAAAAAAGATGCGCAAGCCCGGAATCGAACCGGGGGCCCAACGATGGCAACGTTGGATTTTACCACTAAACCACTTGCGCTAGTAATCTTGATACATGATTCGAGAAAAGCAACAATATTATGTATACTGAATATACTAGGAG
chrIII	142678	7530	ATATAAAGTAAAAAAGATGCGCAAGCCCGGAATCGAACCGGGGGCCCAACGATGGCAACGTTGGATTTTACCACTAAACCACTTGCGCTAGTAATCTTGATACATGATTCGAGAAAAGCAACAATATTAGGTATACAGAATATACTAGAAG
chrIII	142678	7530	ATATAAAGTAAAAAAGATGCGCAAGCCCGGAATCGAACCGGGGGCCCAACGATGGCAACGTTGGATTTTACCACTAAACCACTTGCGCTAGTAATCTTGATACATGATTCGAGAAAAGCAACAATATTATGTATACGGAATATACT
chrIII	142678	70	ATATAAAGTAAAAAAGATGCGCAAGCCCGGAATCGAACCGGGGGCCCAACGATGGCAACGTTGGATTTTACCACTAAACCACTTGCGCTAGTAATCTTGATACATGATTCGAGAAAAGCAACAATATTATGTATACGGAATATACTAGGAG
chrIII	142678	70	ATATAAAGTAAAAAAGATGCGCAAGCCCGGAATCGAACCTGGGGCCCAACGATGGCAACGTTGGATTTTACCACTAAACCACTTGCGCTAGTAATCTTGATACATGATTCGAGAAAAGCAACAATATTATGTATACGGAATATACTAGGAG
chrIII	142678	1410	ATATAAAGTAAAAAAGATGCGCAAGCCCGGAATCGAACCGGGGGCCCAACGATGGCAACGTTGGATTTTACCACTAAACCACTTGCGCTAGTAATCTTGATACATGATTCGAGAAAAGCAACAATATTATGTATACGGAATATACTAGGAG
chrIII	142678	70	ATATAAAGTAAAAAAGATGCGCAAGCCCGGAATCGAACCGGGGGCCCAACGATGGCAACGTTGGATTTTACCACTAAACCACTTGCGCTAGTAATCTTGATACATGATTCGAGAAAAGCAACAATATTATGTATACGGAATATACTAGGAG
chrIII	142678	2640	ATATAAAGTAAAAAAGATGCGCACGCCCGGAATCGAACCGGGGGCCCAACGATGGCAACGTTGGATTTTACCACTAAACCACTTGCGCTAGTAATCTTGATACATGATTCGAGAAAAGCAACAATATTATGTATACGGAATATACTAGGAG
chrIII	142678	7530	ATATAAAGTAAAAAAGATGCGCAAGCCCGGAATCGAACCGGGGGCCCAACGATGGCAACGTTGGATTTTACCACTAAACCACTTGCGCTAGTAATCTTGATACATGATTCGAGAAAAGCAACAATATTATGTATACGGAATATACT
chrIII	142678	2640	ATATAAAGTAAAAAAGATGCGCAAGCCCGGAATCGAACCGGGGGCCCAACGATGGCAACGTTGGATTTTACCACTAAACCACTTGCGCTAGTAATCTTGATACATGATTCGAGAAAAGCAACAATATTATGTATACGGAATATACTAGGAG
chrIII	142679	2640	TATAAAGTAAAAAAGATGCGCAAGCCCGGAATCGAACCGGGGGCCCAACGATGGCAACGTTGGATTTTACCACTAAACCACTTGCGCTAGTAATCTTGATACATGATTCGAGAAAAGCAACAATATTATGTATACGGAATATACTAGGAGT
chrIII	142681	2640	TAAAGTAAAAAAGATGCGCAAGCCCGGAATCGAACCGGGGGCCCAACGATGGCAACGTTGGATTTTACCACTAAACCACTTGCGCTAGTAATCTTGATACATGATTCGAGAAAAGCAACAATATTATGTATACGGAATATACTAGGAGTTC
chrIII	142681	2640	TAAAGTAAAAAAGATGCGCAAGCCCGGAATCGAACCGGGGGCCCAACGATGGCAACGTTGGATTTTACCACTAAACCACTTGCGCTAGTAATCTTGATACATGATTCGAGAAAAGCAACAATATTATGTATACGGAATATACTAGGAGTTC
chrIII	142681	70	TAAAGTAAAAAAGATGCGCAAGCCCGGAATCGAACCGGGGGCCCAACGATGGCAACGTTGGATTTTACCACTAAACCACTTGCGCTAGTAATCTTGATACATGATTCGAGAAAAGCAACAATATTATGTATACGGAATATACTAGGAGTTC
chrIII	142682	1410	AAAGTAAAAAAGATGCGCAAGCCCGGAATCGAACCGGGGGCCCAACGATGGCAACGTTGGATTTTACCACTAAACCACTTGCGCTAGTAATCTTGATACATGATTCGAGAAAAGCAACAATATTATGTATACGGAATATACTAGGAGTTC
chrIII	142683	7530	AAGTAAAAAAGATGCGCAAGCCCGGAATCGAACCGGGGGCCCAACGATGGCAACGTTGGATTTTACCACTAAACCACTTGCGCTAGTAATCTTGATACATGATTCGAGAAAAGCAACAATATTATGTATACGGAATATACTAGGAGTTCT
chrIII	142684	7530	(GTAAAGAC)AGTAAAAACGATGCGCAAGCCCGGAATCTAACCGGGGCCCACACCATGGCAACGTTCGATTGGACCACTCAAACACATGCGCTCGTAATCTTGATACAAGATTCGAGAAAATCACCAATAATATGAAAACGGAAGATACTAGG
chrIII	142685	70	GTAAAAAAGATGCGCAAGCCCGGACTCGAACCCGGGGCCCAACGATGGCACCGTTGGAGTGTACCACTAATCCACTTGCGCTCGTAATCTTGTTCCATCATTCGAGAAAAGCAACAAGATGATGTATACGGAAGATACTAGGAGTTCTCTT
chrIII	142685	2640	GTAAAAAAGATGCGCAAGCCCGGAATCGAACCGGGGGCCCAACGATGGCAACGTTGGATTTTACCACTAAACCACTTGCGCTAGTAATCTTGATACATGATTCGAGAAAAGCAACAATATTATGTATACGGAATATACTAGGAGTTCTCTT
chrIII	142685	70	GTAAAAAAGATGCGCAAGCCCGGAATCGAACCGGGGGCCCAACGATGGCAACGTTGGATTTTACCACTAAACCACTTGCGCTAGTAATCTTGATACATGATTCGAGAAAAGCAACAATATTATGTATACGGAATATACTAGGAGTTCTCTT
chrIII	142685	10150	GTAAAAAAGATGCGCAAGCCCGGAATCGAACCGGGGGCCCAACGATGGCAACGTTGGATTTTACCCCTAAACCACTTGCGCTAGTAATCTTGAGACATGATTCGAGAAAAGCAACAATATTATGTATACGGAATATACTAGGAGGTCTCTT
chrIII	142685	5150	GTAAAAAAGATGCGCAAGCCCGGAATCGAACCGGGGGCCCAACGATGGCAACGTTGGATTTTACCACTAAACCACTTGCGCTAGTAATCTTGATACATGATTCGAGAAAAGCAACAATATTATGTATACGGAATATACTAGGAGTTCTCTT
chrIII	142685	7530	GTAAAAAAGATGCGCAAGCCCGGAATCGAACCGGGGGCCCAACGATGGCAACGTTGGATTTTACCACTAAACCACTTGCGCTAGTAATCTTGATACATGATTCGAGAAAAGCAACAATATTAGGTATACAGAATATACTAGAAGTTCTC
chrIII	142685	10150	GTAAAAAAGATGCGCAAGCCCGGAATCGAACCGGGGGCCCAACGATGGCAACGTTGGATTTTACCACTAAACCACTTGCGCTAGTAATCTTGATACATGATTCGAGAAAAGCAACAATATTATGTATACGGAATATACTAGGAGTTCTCTT
chrIII	142685	10150	GTAAAAAAGATGCGCAAGCCCGGAATCGAACCGGGGGCCCAACGATGGCAACGTTGGATTTTACCACTAAACCACTTGCGCTAGTAATCTTGATACATGATTCGAGAAAAGCAACAATATTATGTATACGGAATATACTAGGAGTTCTCTT
chrIII	142685	7530	GTAAAAAAGATGCGCAAGCCCGGAATCGAACCGGGGGCCCAACGATGGCAACGTTGGATTTTACCACTAAACCACTTGCGCTAGTAATCTTGATACATGATTCGAGAAAAGCAACAATATTAGGTATACAGAATATACTAGAAGTTCTC
chrIII	142685	7530	GTAAAAAAGATGCGCAAGCCCGGAATCGAACCGGGGGCCCAACGATGGCAACGTTGGATTTTACCACTAAACCACTTGCGCTAGTAATCTTGATACATGATTCGAGAAAAGCAACAATATTAGGTATACAGAATATACTAGAAGTTCTC
chrIII	142685	2640	GTAAAAAAGATGCGCAAGCCCGGAATCGAACCGGGGGCCCAACGATGGCAACGTTGGATTTTACCACTAAACCACTTGCGCTAGTAATCTTGATACATGATTCGAGAAAAGCAACAATATTATGTATACGGAATATACTAGGAGTTCTCTT
chrIII	142685	5150	GTAAAAAAGATGCGCAAGCCCGGAATCGAACCGGGGGCCCAACGATGGCAACGGTGGATTTTACCACTAAACCACTTGCGCTAGTAATCTTGATACATGATTCGAGAAAAGCAACAATATTATGTATACGGAATATACTAGGAGTTCTCTT
chrIII	142689	70	AAAAGATGCGCAAGCCCGGAATCGAACCGGGGGCCCAACGATGGCAACGTTGGATTTTACCACTAAACCACTTGCGCTAGTAATCTTGATACATGATTCGAGAAAAGCAACAATATTATGTATACGGAATATACTAGGAGTTCTCTTCAAG
chrIII	142689	7530	AAAAGATGCGCAAGCCCGGAATCGAACCGGGGGCCCAACGATGGCAACGTTGGATTTTACCACTAAACCACTTGCGCTAGTAATCTTGATACATGATTCGAGAAAAGCAACAATATTAGGTATACAGAATATACTAGAAGTTCTCCTCGAG
chrIII	142690	7530	AAAGATGCGCAAGCCCGGAATCGAACCGGGGGCCCAACGATGGCAACGTTGGATTTTACCACTAAACCACTTGCGCTAGTAATCTTGATACATGATTCGAGAAAAGCAACAATATTATGTATACGGAATATACTAGGAGTTCTCTTCAAGG
chrIII	142690	5150	AAAGATGCGCAAGCCCGGAATCGAACCGGGGGCCCAACGATGGCAACGTTGGATTTTACCACTAAACCACTTGCGCTAGTAATCTTGATACATGATTCGAGAAAAGCAACAATATTATGTATACGGAATATACTAGGAGTTCTCTTCAAGG
chrIII	142691	2640	AAGATGCGCAAGCCCGGAATCGAACCGGGGGCCCAACGATGGCAACGTTGGATTTTACCACTAAACCACTTGCGCTAGTAATCTTGATACATGATTCGAGAAAAGCAACAATATTATGTATACGGAATATACTAGGAGTTCTCTTCAAGGA
chrIII	142691	7530	AACATGCGCAAGCCCGGAATCGAACCGGGGGCCCAACGATGGCAACGTTGGATTTTACCACTAAACCACTTGCGCTAGTAATCTTGATACATGATTCGAGAAAAGCAACAATATTATGTATACGGAATATACTAGGAGTTCTCTTCAAGGA
chrIII	142691	10150	AAGATGCGCAAGCCCGGAATCGAACCGGGGGCCCAACGATGGCAACGTTGGATTTTACCACTAAACCACTTGCGCTAGTAATCTTGATACATGATTCGAGAAAAGCAACAATATTATGTATACGGAATATACTAGGAGTTCTCTTCAAGGA
chrIII	142691	1410	AAGATGCGCAAGCCCGGAATCGAACCGGGGGCCCAACGATGGCAACGTTGGATTTTACCACTAAACCACTTGCGCTAGTAATCTTGATACATGATTCGAGAAAAGCAACAATATTATGTATACGGAATATACTAGGAGTTCTCTTCAAGGA
chrIII	142691	7530	AAGATGCGCAAGCCCGGAATCGAACCGGGGGCCCAACGATGGCAACGTTGGATTTTACCACTAAACCACTTGCGCTAGTAATCTTGATACATGATTCGAGAAAAGCAACAATATTATGTATACGGAATATACTAGGAGTTCTCTTCAAGGA
chrIII	142691	5150	AAGATGCGCAAGCCCGGAATCGAACCGGGGGCCCAACGATGGCAACGTTGGATTTTACCACTAAACCACTTGCGCTAGTAATCTTGATACATGATTCGAGAAAAGCAACAATATTATGTATACGGAATATACTAGGAGTTCTCTTCAAGGA
chrIII	142691	2640	AAGATGCGCAAGCCCGGAATCGAACCGGGGGCCCAACGATGGCAACGTTGGATTTTACCACTAAACCACTTGCGCTAGTAATCTTGATACATGATTCGAGAAAAGCAACAATATTATGTATACGGAATATACTAGGAGTTCTCTTCAAGGA
chrIII	142691	70	AAGATGCGCAAGCCCGGAATCGAACCGGGGGCCCAACGATGGCAACGTTGGATTTTACCACTAAAGCACTTGCGCTAGTAATCTTGATACATGATTCGAGAAAAGCAACAATATTATGTATACGGAATATACTAGGAGTTCTCTTCAAGGA
chrIII	142691	7530	AAGATGCGCAAGCCCGGAATCGAACCGGGGGCCCAACGATGGCAACGTTGGATTTTACCACTAAACCACTTGCGCTAGTAATCTTGATACATGATTCGAGAAAAGCAACAATATTATGTATACGGAATATACTAGGAGTTCTCTTCAAGGA
chrIII	142691	5150	AAGATGCGCAAGCCCGGAATCGAACCGGGGGCCCAACGATGGCAACGTTGGATTTTACCACTAAACCACTTGCGCTAGTAATCTTGATACATGATTCGAGAAAAGCAACAATATTATGTATACGGAATATACTAGGAGTTCTCTTCAAGGA
chrIII	142691	2640	AAGATGCGCAAGCCCGGAATCGAACCGGGGGCCCAACGATGGCAACGTTGGATTTTACCACTAAACCACTTGCGCTAGTAATCTTGATACATGATTCGAGAAAAGCAACAATATTATGTATACGGAATATACTAGGAGTTCTCTTCAAGGA
chrIII	142691	2640	AAGATGCGCAAGCCCGGACTCGAACCGGGGGCCCAACGATGGCAACGTTGGATTTTACCACTAAACCACTTGCGCTAGTAATCTTGATACATGATTCGAGAAAAGCAACAATATTATGTATACGGAATATACTAGGAGTTCTCTTCAAGGA
chrIII	142694	2640	ATGCGCAAGCCCGGAATCGAACCGGGGGCCCAACGATGGCAACGTTGGATTTTACCACTAAACCACTTGCGCTAGTAATCTTGATACATGATTCGAGAAAAGCAACAATATTATGTATACGGAATATACTAGGAGTTCTCTTCAAGGAT
chrIII	142696	7530	(ATAGTTTATTATGTCTATAAGAG)GCGCAAGACCTGAATCGAACCGGGGGCCCAACTAAGGCATCGTTGGATTTTACCACTCAACCACTTGCGCTATTAATCTTGATACATGATTCGAGAATAGCTACAATATTATTTATTCGGAATATACT
chrIII	142696	1410	GCGCAAGCCCGGAATCGAACCGGGGGCCCAACGATGGCAACGTTGGATTTTACCACTAAACCACTTGCGCTAGTAATCTTGATACATGATTCGAGAAAAGCAACAATATTATGTATACGGAATATACTAGGAGTTCTCTTCAAGGATAG
chrIII	142696	1410	GCGCAAGCCCGGAATCGAACCGGGGGCCCAACGATGGCAACGTTGGATTTTACCACTAAACCACTTGCGCTAGTAATCTTGATACATGATTCGAGAAAAGCAACAATATTATGTATACGGAATATACTAGGAGTTCTCTTCAAGGATAGAG
chrIII	142697	1410	CGCAAGCCCGGAATCGAACCGGGGGCCCAACGATGGCAACGTTGGATTTTACCACTAAACCACTTGCGCTAGTAATCTTGATACATGATTCGAGAAAAGCAACAATATTATGTATACGGAATATACTAGGAGTTCTCTTCAAGGATAGAGG
chrIII	142697	10150	CGCAAGCCCGGAATCGAACCGGGGGCCCAACGATGGCAACGTTGGATTTTACCACTAAACCACTTGCGCTAGTAATCTTGATACATGATTCGAGAAAAGCAACAATATTATGTATACGGAATATACTAGGTGTTCTCTTCAAGGATAGAGG
chrIII	142697	10150	CGCAAGCCCGGAATCGAACCGGGGGCCCAACGATGGCAACGTTGGATTTTACCACTAAACCACTTGCGCTAGTAATCTTGATACATGATTCGAGAAAAGCAACAATATTATGTATACGGAATATACTAGGAGTTCTCTTCAAGGATACAGG
chrIII	142697	5150	CGCAAGCCCGGAATCGAACCGGGGGCCCAACGATGGCAACGTTGGATTTTACCACTAAACCACTTGCGCTAGTAATCTTGATACATGATTCGAGAAAAGCAACAATATTATGTATACGGAATATACTAGGAGTTCTCTTCAAGGATAGAGG
chrIII	142697	70	CGCAAGCCCGGAATCGAACCGGGGGCCCAACGATGGCAACGTTGGATTTTACCACTAAACCACTTGCGCTAGTAATCTTGATACATGATTCGAGAAAAGCAACAATATTATGTATACGGAATATACTAGGAGTTCTCTTCAAGGATAGAGG
chrIII	142697	1410	CGCAAGCCCGGAATCGAACCGGGGGCCCAACGATGGCAACGTTGGATTTTACCACTAAACCACTTGCGCTAGTAATCTTGATACATGATTCGAGAAAAGCAACAATATTATGTATACGGAATATACTAGGAGTTCTCTTCAAGGATAGAGG
chrIII	142697	70	CGCAAGCCCGGAATCGAACCGGGGGCCCAACGATGGCAACGTTGGATTTTACCACTAAACCACTTGCGCTAGTAATCTTGATACATGATTCGAGAAAAGCAACAATATTATGTATACGGAATATACTAGGAGTTCTCTTCAAGGATAGAGG
chrIII	142699	2640	CAAGCCCGGAATCGAACCGGGGGCCCAACGATGGCAACGTTGGATTTTACCACTAAACCACTTGCGCTAGTAATCTTGATACATGATTCGAGAAAAGCAACAATATTATGTATACGGAATATACTAGGAGTTCTCTTCAAGGATAGAGGAA
chrIII	142699	7530	CAAGCCCGGAATCGAACCGGGGGCCCAACGATGGCAACGTTGGATTTTACCACTAAACCACTTGCGCTAGTAATCTTGATACATGATTCGAGAAAAGCAACAATATTAGGTATACAGAATATACTAGAAGTTCTC(CTCGAGGGTCTAGGA)
chrIII	142699	5150	CAAGCCCGGAATCGAACCGGGGGCCCAACGATGGCAACGTTGGATTTTACCACTAAACCACTTGCGCTAGTAATCTTGATACATGATTCGAGAAAAGCAACAATATTATGTATACGGAATATACTAGGAGTTCTCTTCAAGGATAGAGGAA
chrIII	142699	7530	CAAGCCCGGAATCGAACCGGGGGCCCAACGATGGCAACGTTGGATTTTACCACTAAACCACTTGCGCTAGTAATCTTGATACATGATTCGAGAAAAGCAACAATATTAGGTATACAGAATATACTAGAAGTTCTC(CTCGAGGGTCTAGGAA)
chrIII	142701	7530	(ATAGTATTTTAAGAACATCAGAGGCGCC)AGCCCGGACTCGTACCGGGGGCCCAACGATGGCAACGTTGGATTTTACCACGAAACCAGTTTCGCGAGTTATCATGTTACAAGAATCGAGTAAATCAACAATTCTATGTATTCGGAATATACT
chrIII	142702	70	GCCCGGAATCGAACCGGGGGCCCAACGATGGCAACGTTGGATGTTACCACTACACCACGGGCGCGAGTAATCTTGATACCGGATTCGAGTATAGCAACAATATTATGAATACGGAATATAGTAGGTGTTCTCTTCAAGGATAGAGGAATC
chrIII	142702	7530	(TTTTTAAGTAAAACTTAAGGGCAC)GCCCGGAATCGAACCGGGGGCCAAACGATGGCAACGTTGGATTTTTCCACTAAACCACTTGCGCTAGTAATCTTGATACATGATTCGAGAAAAGGTACAATATTATGTTTACGGAATATACTAGGAG
chrIII	142703	70	(AAATAAAATAAATTAGTATATAATGGAATATAGTTGCTCAAT)CCCGGAATCGAACCTGGGGCCCATAGATGGCAACGTTGGATATTACAACTAAACCACTTGCGCTAGTAAACTTGATACATGATCCGAGAAAAGCAACAATATTATGTAT
chrIII	142704	2640	(AAAAAAGTAGCGCACCA)CCGGAATCGAACCGTGGGCCCTACGATGGCTACGTTGGATTATACGACAAAACCACATGCGCTACTACGCTTCATACAAGAGTCGCGCAAAGCAACAAAAATATGTATACGGAATATACTAGGAGGTATCTT
chrIII	142707	2640	GAATCGAACCGGGGGCCCAACGATGGCAACGTTGGATTTTACCACTAAACCACTTGCGCTAGTAATCTTGATACATGATTCGAGAAAAGCAACAATATTATGTATACGGAATATACTAGGAGTTCTCTTCAAGGATAGAGGAATCCTCAAA
chrIII	142707	7530	GAATCGAACCGGGGGCCCAACGATGGCAACGTTGGATTTTACCACTAAACCACTTGCGCTAGTAATCTTGATACATGATTCGAGAAAAGCAACAATATTAGGTATACAGAATATACTAGAAGTTCTC(CTCGAGGGTCTAGGAATCCCCATA)
chrIII	142707	5150	GAATCGAACCGGGGGCCCAACGATGGCAACGTTGGATTTTACCACTAAACCACTTGCGCTAGTAATCTTGATACATGATTCGAGAAAAGCAACAATATTATGTATACGGAATATACTAGGAGTTCTCTTCAAGGATAGAGGAATCCTCAA
chrIII	142707	5150	GAATCGAACCGGGGGCCCAACGATGGCAACGTTGGATTTTACCACTAAACCACTTGCGCTAGTAATCTTGATACATGATTCGAGAAAAGCAACAATATTATGTATACGGAATATACTAGGAGTTCTCTTCAAGGATAGAGGAATCCTCAA
chrIII	142709	7530	ATCGAACCGGGGGCCCAACGATGGCAACGTTGGATTTTACCACTAAACCACTTGCGCTAGTAATCTTGATACATGATTCGAGAAAAGCAACAATATTATGTATACGGAATATACTAGGAGTTCTCTTCAAGGATAGAGGAATCCTCAAAAT
chrIII	142709	10150	ATCGAACCGGGGGCCCAACGATGGCAACGTTGGATTTTACCACTAAACCACTTGCGCTAGTAATCTTGATACATGATTCGAGAAAAGCAACAATATTATGTATACGGAATATACTAGGAGTTCTCTTCAAGGATAGAGGAATCCTCAAAAT
chrIII	142709	7530	ATCGACCCGGGGGCCCAACGATGGCAACGTTGGATTTTACCACTAAACCACTTGCGCTAGTAATCTTGATACATGATTCGAGAAAAGCAACAATATTATGTATACGGAAGATACTAGGAGTTCTCGTCAAGGATAGAGGAATCCTCAAAAT
chrIII	142710	70	(ACTAGAGATAGGAACAAAGATGCGCTAGGCATGAC)TCGAACCGGGGGCCCAACGATTGCAAGGTTCGATTTTACCACTAAACCACGTGGGCTAGTACTCTTGATACATGATTCGAGAAATGGAACATTATTATGTATACTGAATATACT
chrIII	142710	70	(AGCCGCAACCCCCGAC)TCGAACCGGGCGCCCAACGATGGCCACGTTGGATTTTACCAACCAACCCCTAGCGCTAGCAAACTTGATCCATGAATCGAGAACAGCAACAAGATTATGTATACGGAATATACTAGGAGTTCTCGTCAAGGAT
chrIII	142714	2640	ACCGGGGGCCCAACGATGGCAACGTTGGATTTTACCACTAAACCACTTGCGCTAGTAATCTTGATACATGATTCGAGAAAAGCAACAATATTATGTATACGGAATATACTAGGAGTTCTCTTCAAGGATAGAGGAATCCTCAAAATGGAAT
chrIII	142720	2640	GGCCCAACGATGGCAACGTTGGATTTTACCACTAAACCACTTGCGCTAGTAATCTTGATACATGATTCGAGAAAAGCAACAATATTATGTATACGGAATATACTAGGAGTTCTCTTCAAGGATAGAGGAATCCTCAAAATGGAATCCATA
chrIII	142720	7530	GGCCCAACGATGGCAACGTTGGATTTTACCACTAAACCACTTGCGCTAGTAATCTTGATACATGATTCGAGAAAAGCAACAATATTATGTATACGGAATATACTAGGAGTTCTCTTCAAGGATAGAGGAATCCTCAAAATGGAATCCATAT
chrIII	142722	70	CCCAACGATGGCAACGTTGGATATTACCACTAAACCACTTGCGCTAGTAATCTTGATACATGATTCGAGAAAAGCAACAATATTATGTATACGGAATATACTAGGAGTTCTCTTCAAGGATAGAGGAATCCTCAAAATGGAATCCATATT
chrIII	142722	7530	CCCAACGATGGCAACGTTGGATTTTACCACTAAACCACTTGCGCTAGTAATCTTGATACATGATTCGAGAAAAGCAACAATATTATGTATACGGAATATACTAGGAGTTCTCTTCAAGGATAGAGGAATCCTCAAAATGGAATCCATATT
chrIII	142722	7530	CCCAACGATGGCAACGTTGGATTTTACCACTAAACCACTTGCGATAGTAATCTTGATACATGATTCGAGAAAAGCAACAATATTATGTATACGGAATATACTAGGAGTTCTCTTCAAGGATAGAGGAATCCTCAAAATGGAATCCATATT
chrIII	142723	10150	CCAACGATGGCAACGTTGGATTTTACCACTAAACCACTTGCGCTAGTAATCTTGATACATGATTCGAGAAAAGCAACAATATTATGTATACGGAATATACTAGGAGTTCTCTTCAAGGATAGAGGAATCCTCAAAATGGAATCCATATTTC
chrIII	142723	7530	CCAACGATGGCAACGTTGGATTTTACCACTAAACCACTTGCGCTAGTAATCTTGATACATGATTCGAGAAAAGCAACAATATTATGTATACGGAATATACTAGGAGTTCTCTTCAAGGATAGAGGAATCCTCAAAATGGAATCCATATTTC
chrIII	142723	2640	CCAACGATGGCAACTTTGGATTTTACCACTAAACCACTTGCGCGAGTAATCTTGATACATGATTCGAGAAAAGCAACAATACTAGGTATACGGAATATACTAGGAGTTCTCTTCTAGGATAGAGGAATCCTCAAAATGGAATCCATATTTC
chrIII	142723	70	CCAACGATGGCAACGTTGGATTTTACCACTAAACCACTTGCGCTAGTAATCTTGATACATGATTCGAGAAAAGCAACAATATTATGTATACGGAATATACTAGGAGTTCTCTTCAAGGATAGAGGAATCCTCAAAATGGAATCCATATTTC
chrIII	142723	2640	CCAACGATGGCAACGTTGGATTTTACCACTAAACCACTTGCGCTAGTAATCTTGATACATGATTCTAGAAAAGCAACAATATTATGTATACGGAATATACTAGGAGTTCTCTTCAAGGATAGAGGAATCCTCAAAATGGAATCCATATTTC
chrIII	142723	7530	CCAACGATGGCAACGTTGGATTTTACCACTAAACCACTTGCGCTAGTAATCTTGATACATGATTCGAGAAAAGCAACAATATTAGGTATACAGAATATACTAGAAGTTCTCCTCGAGGGTCTAGGAATCCCCATAATGGAATCTATATTTC
chrIII	142723	70	CAAACGATGGCAACGTTGGATTTTACCACTAAACCACTGGCGATAGTAATCTTGATACATGATTCGAGAAAAGCAACAAGATTATGTATACGGAATATACTAGGAGTTCTCTTCAAGGATAGAGGATTACTCAAACTGGAATCCATATTTC
chrIII	142723	2640	CCAACGATGGCAACGTTGGATTTTACCACTAAACCACTTGCGCTAGTAATCTTGATACATGATTCGAGAAAAGCAACAATATTATGTATACGGAATATACTAGGAGTTCTCTTCAAGGATAGAGGAATCCTCAAAATGGAATCCATATTTC
chrIII	142723	2640	CCAACGATGGCAACGTTGGATTTTACCACTAAACCACTTGCGCTAGTAATCTTGATACATGATTCGAGAAAAGCAACAATATTATGTATACGGAATATACTAGGAGTTCTCTTCAAGGATAGAGGAATCCTCAAAATGGAATCCATATTTC
chrIII	142725	10150	AACGATGGCAACGTTGGATTTTACCACTAAACCACTTGCGCTAGTAATCTTGATACATGATTCGAGAAAAGCAACAATATTATGTATACGGAATATACTAGGAGTTCTCTTCAAGGATAGAGGAATCCTCAAAATGGAATCCATATTTCTA
chrIII	142726	10150	ACGATGGCAACGTTGGATTTTACCACTAAACCACTTGCGCTAGTAATCTTGATACATGATTCGAGAAAAGCAACAATATTATGTATACGGAATATACTAGGAGTTCTCTTCAAGGATAGAGGAATCCTCAAAATGGAATCCATATTTCTAC
chrIII	142726	5150	ACGATGGCAGCGTTGGATTTTACCACTAAACCACTTGCGCTAGTAATCTTGATACATGATTCGAGAAAAGCAACAATATTATGTATACGGAATATACTAGGAGTTCTCTTCAAGGATAGAGGAATCCTCAAAATGGAATCCATATTTCTAC
chrIII	142726	2640	ACGATGGCAACGTTGGATTTTACCACTAAACCACTTGCGCTAGTAATCTTGATACATGATTCGAGAAAAGCAACAATATTATGTATACGGAATATACTAGGAGTTCTCTTCAAGGATAGAGGAATCCTCAAAATGGAATCCATATTTCTAC
chrIII	142726	70	ACGATGGCAACGTTGGATTTTACCACTAAACCACTTGCGCTAGTAATCTTGATACATGATTCGAGAAAAGCAACAATATTATGTATACGGAATATACTAGGAGTTCTCTTCAAGGATAGAGGAATCCTCAAAATGGAATCCATATTTCTAC
chrIII	142726	1410	ACGATGGCAACGTTGGATTTTACCACTAAACCACTTGCGCTAGTAATCTTGATACATGATTCGAGAAAAGCAACAATATTATGTATACGGAATATACTAGGAGTTCTCTTCAAGGATAGAGGAATCCTCAAAATGGAATCCATATTTCTAC
chrIII	142728	70	GATGGAAACGATGCATTTTACCACTAAACCACTAGCGCTAGTAATCTTGATACATGATTCGAGTAAAGCAACAATATAATGTATACGGAAAATACTAGGAGTTCTCTACAAGGATAGAGGATTCGTCAAAATG(TATTCCTTATATCTACAG)
chrIII	142728	2640	GATGGCAACGTTGGATTTTACCACTAAACCACTTGCGCTAGTAATCTTGATACATGATTCGAGAAAAGCAACAATATTATGTATACGGAATATACTAGGAGTTCTCTTCAAGGATAGAGGAATCCTCAAAATGGAATCCATATTTCTACAT
chrIII	142728	5150	GATGGCAACGTTGGATTTAACCACTAAACCACTTGCGCTAGTAATCTTGATACATGATTCGAGAAAAGCAACAATATTATGTATACGGAATATACTAGGAGTTCTCTTCAAGGATAGAGGAATCCTCAAAATGGAATCCATATTTCTACAT
chrIII	142728	1410	GATGGCAACGTTGGATTTTACCACTAAACCACTTGCGCTAGTAATCTTGATACATGATTCGAGAAAAGCAACAATATTATGTATACGGAATATACTAGGAGTTCTCTTCAAGGATAGAGGAATCCTCAAAATGGAATCCATATTTCTACAT
chrIII	142729	7530	ATGGCAACGTTGGATTTTACCACTAAACCACTTGCGCTAGTAATCTTGATACATGATTCGAGAAAAGCAACAATATTATGTATACGGAATATACTAGGAGTTCTCTTCAAGGATAGAGGAATCCTCAAAATGGAATCCATATTTCTACAT
chrIII	142729	2640	ATGGCAACGTTGGATTTTACCACTAAACCACTTGCGCTAGTAATCTTGATACATGATTCGAGAAAAGCAACAATATTATGTATACGGAATATACTAGGAGTTCTCTTCAAGGATAGAGGAATCCTCAAAATGGAATCCATATTTCTACAT
chrIII	142729	70	ATGGCAACGTTGGATTTTACCACTAAACCACTTGCGCTAGTAATCTTGATACATGATTCGAGAAAAGCAACAATATTATGTATACGGAATATACTAGGAGTTCTCTTCAAGGATAGAGGAATCCTCAAAATGGAATCCATATTTCTACAT
chrIII	142729	70	ATGGCAACGTTGGATTTTACCACTAAACCACTTGCGCTAGTAATCTTGATACATGATTCGAGAAAAGCAACAATATTATGTATACGGAATATACTAGGAGTTCTCTTCAAGGATAGAGGAATCCTCAAAATGGAATCCATATTTCTACAT
chrIII	142729	70	ATGGCAACGTTGGATTTTACCACTAAACCACTTGCGCTAGTAATCTTGATACATGATTCGAGAAAAGCAACAATATTATGTATACGGAATATACTAGGAGTTCTCTTCAAGGATAGAGGAATCCTCAAAATGGAATCCATATTTCTACAT
chrIII	142729	70	ATGGCAACGTTGGATTTTACCACTAAACCACTTGCGCTAGTAATCTTGATACATGATTCGAGAAAAGCAACAATATTATGTATACGGAATATACTAGGAGTTCTCTTCAAGGATAGAGGAATCCTCAAAATGGAATCCATATTTCTACAT
chrIII	142729	70	ATGGCAACGTTGGATTTTACCACTAAACCACTTGCGCTAGTAATCTTGATACATGATTCGAGAAAAGCAACAATATTATGTATACGGAATATACTAGGAGTTCTCTTCAAGGATAGAGGAATCCTAAAAATGGAATCCATATTTCTACAT
chrIII	142730	7530	TGGCAACGTTGGATTTTACCACTAAACCACTTGCGCTAGTAATCTTGATACATGATTCGAGAAAAGCAACAATATTATGTATACGGAATATACTAGGAGTTCTCTTCAAGGATAGAGGAATCCTCAAAATGGAATCCATATTTCTACATAC
chrIII	142730	2640	TGGCAACGTTGGATTTTACCACTAAACCACTTGCGCTAGTAATCTTGATACATGATTCGAGAAAAGCAACAATATTATGTATACGGAATATACTAGGAGTTCTCTTCAAGGATAGAGGAATCCTCAAAATGGAATCCATATTTCTACATAC
chrIII	142730	7530	TGGCAACGTTGGATTTTACCACTAAACCACTTGCGCTAGTAATCTTGATACATGATTCGAGAAAAGCAACAATATTATGTATACGGAATATACTAGGAGTTCTCTTCAAGGATAGAGGAATCCTCAAAATGGAATCCATATTTCTACATAC
chrIII	142730	7530	TGGCAACGTTGGATTTTACCACTAAACCACTTGCGCTAGTAATCTTGATACATGATTCGAGAAAAGCAACAATATTATGTATACGGAATATACTAGGAGTTCTCTTCAAGGATAGAGGAATCCTCAAAATGGAATCCATATTTCTACATAC
chrIII	142731	10150	GGCAACGTTGGATTTTACCACTAAACCACTTGCGCTAGTAATCTTGATACATGATTCGAGAAAAGCAACAATATTATGTATACGGAATATACTAGGAGTTCTCTTCAAGGATAGAGGAATCCTCAAAATGGAATCCATATTTCTACATAC
chrIII	142732	7530	GCAACGTTGGATTTTACCACTAAACCACTTGCGCTAGTAATCTTGATACATGATTCGAGAAAAGCAACAATATTATGTATACGGAATATACTAGGAGTTCTCTTCAAGGATAGAGGAATCCTCAAAATGGAATCCATATTTCTACATACT
chrIII	142733	5150	CAACGTTGGATTTTACCACTAAACCACTTGCGCTAGTAATCTTGATACATGATTCGAGAAAAGCAACAATATTATGTATACGGAATATACTAGGAGTTCTCTTCAAGGATAGAGGAATCCTCAAAATGGAATCCATATTTCTACATACTAA
chrIII	142735	1410	ACGTTGGATTTTACCACTAAACCACTTGCGCTAGTAATCTTGATACATGATTCGAGAAAAGCAACAATATTATGTATACGGAATATACTAGGAGTTCTCTTCAAGGATAGAGGAATCCTCAAAATGGAATCCATATTTCTACATACTAAT
chrIII	142735	2640	ACGTTGGATTTTACCACTAAACCACTTGCGCTAGTAATCTTGATACATGATTCGAGAAAAGCAACAATATAATGTATACGGAATATACTAGGAGTTCTCTTCAAGGATAGAGGAATCCTCAAAATGGAATCCATATTTCTACATACTAATA
chrIII	142736	2640	CGTTGGATTTTACCACTAAACCACTTGCGCTAGTAATCTTGATACATGATTCGAGAAAAGCAACAATATTATGTATACGGAATATACTAGGAGTTCTCTTCAAGGATAGAGGAATCCTCAAAATGGAATCCATATTTCTACATACTAATAT
chrIII	142736	70	CGTTGGATTTTACCACTAAACCACTTGCGCTAGTAATCTTGATACTTGATTCGAGAAAAGCAACAATATTCTGTATACGGAATATACTAGGAGTGCTCGTCAAGGATAGAGGAATCCTCAAAATGGAATCCATATTTCTACATACTACTAT
chrIII	142736	10150	CGTGGGATTTTACCACTAAACCACTTGCGCTAGTAATCTTGATACATGATTCGAGAAAAGCAACAATATTATGTATACGGAATATACTAGGAGTTCTCTTCAAGGATAGAGGAATCCTCAAAATGGAATCCATATTTCTACATACTAATAT
chrIII	142736	7530	CGTTGGATTTTACCACTAAACCACTTGCGCTAGTAATCTTGATACATGATTCGAGAAAAGCAACAATATTATGTATACGGAATATACTAGGAGTTCTCTTCAAGGATAGAGGAATCCTCAAAATGGAATCCATATTTCTACATACTAATAT
chrIII	142736	2640	CGTTGGATTTTACCACTAAACCACTTGCGCTAGTAATCTTGATACATGATTCGAGAAAAGCAACAATATTATGTATACGGAATATACTAGGAGTTCTCTTCAAGGATAGAGGAATCCTCAAAATGGAATCCATATTTCTACATACTAATAT
chrIII	142736	2640	CGTTGGATTTTACCACTAAACCACTTGCGCTAGTAATCTTGATACATGATTCGAGAAAAGCAACAATATTATGTATACGGAATATACTAGGAGTTCTCTTCAAGGATAGAGGAATCCTCAAAATGGAATCCATATTTCTACATACTAATAT
chrIII	142736	70	CGTTGGATTTTACCACTAAACCACTTGCGCTAGTAATCTTGATACATGATTCGAGAAAAGCAACAATATTATGTATACGGAATATACTAGGAGTTCTCTTCAAGGATAGAGGAATCCTCAAAATGGAATCCATATTTCTACATACTAATAT
chrIII	142736	2640	CGTTGGATTTTACAACTAAACCACTTGCGCTAGTAATCTTGATACATGATTCGAGAAAAGCAACAATATTATGTATACGGAATATACTAGGAGTTCTCTTCAAGGATAGAGGAATCCTCAAAATGGAATCCATATTTCTACATACTAATAT
chrIII	142736	1410	AGTTGGATTTTACCACTAAACCACTTGCTCTAGTAATCTTGATACATCATTCGAGAAAAGCAACAATATTATGTATACGGAATATACTAGGAGTTCTCTTCAAGGATAGAGGAATCCTCAAAATGGAATCCATATTTCTACATACTAATAT
chrIII	142738	2640	TTGGATTTTACCACTAAACCACTTGCGCTAGTAATCTTGATACATGATTCGAGAAAAGCAACAATATTATGTATACGGAATATACTAGGAGTTCTCTTCAAGGATAGAGGAATCCTCAAAATGGAATCCATATTTCTACATACTAATATTA
chrIII	142738	7530	TTGGATTTTACCACTAAACCACTTGCGCTAGTAATCTTGATACATGATTCGAGAAAAGCAACAATATTATGTATACGGAATATACTAGGAGTTCTCTTCAAGGATAGAGGAATCCTCAAAATGGAATCCATATTTCTACATACTAATATTA
chrIII	142738	70	TTGGATTTTACCACTACACCACTTGCGCTAGTAATCTTGATACATGATTCGAGAAAAGCAACAATATTATGTATACGGAATATACTAGGAGTTCTCTTCAAGGATAGAGGAATCCTCAAAATGGAATCCATATTTCTACATACTAATATTA
chrIII	142738	2640	(AATCGTATATTATTTATAATAGTCTCTCACCCCCTGAATAGAAACGGGGGCACAAAGATTGCATCT)TTGGATTTTAACACTAACCCACTTTCGCTAGTAATCTTGATACAAGATTCGAGAATAGCAACAATAGTCTGTATACTGAATATAC
chrIII	142738	2640	TTGGATTTTACCACTAAACCACTTGCGCTAGTAATCTTGATTCTTGATTCTAGAATAGCTACAATATTATGTATTAGGAATATACTTGGAGTTCTCTTCAAGGATAGTGGAATCCTCAAAATGGAATCCATTTTTCTACATACTAATATTA
chrIII	142739	1410	TGGATTTTACCACTAAACCACTTGCGCTAGTAATCTTGATACATGATTCGAGAAAAGCAACAATATTATGTATACGGAATATACTAGGAGTTCTCTTCAAGGATAGAGGAATCCTCAAAATGGAATCCATATTTCTACATACTAATATTA
chrIII	142739	10150	TGGATTTTACCACTAAACCACTTGCGCTAGTAATCTTGATACATGATTCGAGAAAAGCAACAATATTATGTATACGGAATATACTAGGAGTTCTCTTCAAGGATAGAGGAATCCTCAAAATGGAATCCATATTTCTACATACTAATATTA
chrIII	142739	10150	TGGATTTTACCACTAAACCACTTGCGCTAGTAATCTTGATACATGATTCGAGAAAAGCAACAATATTATGTATACGGAATATACTAGGAGTTCTCTTCAAGGATAGAGGAATCCTCAAAATGGAATCCATATTTCTACATACTAATATTA
chrIII	142739	1410	TGGATTTTACCACTAAACCAATTGCGCTAGTAATCTTGATACATGATTCGAGAAAAGCAACAATATTATGTATACGGAATATACTAGGAGTTCTCTTCAAGGATAGAGGAATCCTCAAAATTGAATCCATATTTCTACATACTAATATTA
chrIII	142739	5150	TGGATTTTACCACTAAACCACTTGCGCTAGTAATCTTGATACATGATTCGAGAAAAGCAACAATATTATGTATACGGAATATACTAGGAGTTCTCTTCAAGGATAGAGGAATCCTCAAAATGGAATCCATATTTCTACATACTAATATTA
chrIII	142739	5150	TGGATTTTACCACTAAACCACTTGCGCTAGTAATCTTGATACATGATTCGAGAAAAGCAACAATATTATGTATACGGAATATACAAGGAGTTCTCTTCAAGGATAGAGGAATCCTCAAAATGGAATCCATATTTCTACATACTAATATTA
chrIII	142740	7530	GGATTTTACCACTAAACCACTTGCGCTAGTAATCTTGATACATGATTCGAGAAAAGCAACAATATTATGTATACGGAATATACTAGGAGTTCTCTTCAAGGATAGAGGAATCCTCAAAATGGAATCCATATTTCTACATACTAATATTACG
chrIII	142740	70	GGATTTTACCACTAAACCACTTGCGCTAGTAATCTTGATACATGATTCGAGAAAAGCAACAATATTATGTATACGGAATATACTAGGAGTTCTCTTCAAGGATAGAGGAATCCTCAAAATGGAATCCATATTTCTACATACTAATATTACG
chrIII	142740	1410	GGATTTTACCACTAAACCACTTGCGCTAGTAATCTTGATACATGATTCGAGAAAAGCAACAATATTATGTATACGGAATATACTAGGAGTTCTCTTCAAGGATAGAGGAATCCTCAAAATGGAATCCATATTTCTACATACTAATATTACG
chrIII	142740	2640	GGATTTTACCACTAAACCACTTGCGCTAGTAATCTTGATACATGATTCGAGAAAAGCAACAATATTATGTATACGGAATATACTAGGAGTTCTCTTCAAGGATAGAGGAATCCTCAAAATGGAATCCATATTTCTACATACTAATATTACG
chrIII	142740	10150	GGATTTTACCACTAAACCACTTGCGCTAGTAATCTTGATACATGATTCGAGAAAAGCAACAATATTATGTATACGGAATATACTAGGAGTTCTCTTCAAGGATAGAGGAATCCTCAAAATGGAATCCATATTTCTACATACTAATATTACG
chrIII	142740	10150	GGATTTTACCACTAAACCACTTGCGCTAGTAATCTTGATACATGATTCGAGAAAAGCAACAATATTATGTATACGGAATATACTAGGAGTTCTCTTCAAGGATAGAGGAATCCTCAAAATGGAATCCATATTTCTACATACTAATATTACG
chrIII	142740	10150	GGATTTTACCACTAAACCACTTGCGCTAGTAATCTTGATACATGATTCGAGAAAAGCAACAATATTATGTATACGGAATATACTAGGAGTTCTCTTCAAGGATAGAGGAATCCTCAAAATGGAATCCATATTTCTACATACTAATATTACG
chrIII	142741	7530	GATTTTACCACTAAACCACTTGCGCTAGTAATCTTGATACATGATTCGAGAAAAGCAACAATATTATGTATACGGAATATACTAGGAGTTCTCTTCAAGGATAGAGGAATCCTCAAAATGGAATCCATATTTCTACATACTAATATTACGA
chrIII	142741	1410	GATTTTACCACTAAACCACTTGCGCTAGTAATCTTGATACATGATTCGAGAAAAGCAACAATATTATGTATACGGAATATACTAGGAGTTCTCTTCAAGGATAGAGGAATCCTCAAAATGGAATCCATATTTCTACATACTAATATTACGA
chrIII	142741	7530	GATTTTACCACTAAACCACTTGCGCTAGTAATCTTGATACATGATTCGAGAAAAGCAACAATATTATGTATACGGAATATACTAGGAGTTCTCTTCAAGGATAGAGGAATCCTCAAAATGGAATCCATATTTCTACATACTAATATTACG
chrIII	142741	1410	GATTTTACCACTAAACCACTTGCGCTAGTAATCTTGATACATGAATCGAGAAAAGCAACAATATTATGTATACGGAATATACTAGGAGTTCTCTTCAAGGATAGAGGAATCCTCAAAATGGAATCCATATTTCTACATACTAATATTACGA
chrIII	142741	7530	GATTTTACCACTAAACCACTTGCGCTAGTAATCTTGATACATGATTCGAGAAAAGCAACAATATTATGTATACGGAATATACTAGGAGTTCTCTTCAAGGATAGAGGAATCCTCAAAATGGAATCCATATTTCTACATACTAATATTACGA
chrIII	142741	5150	GATTTTACCACTAAACCACTTGCGCTAGTAATCTTGATACATGATTCGAGAAAAGCAACAATATTATGTATACGGAATATACTAGGAGTTCTCTTCAAGGATAGAGGAATCCTCAAAATGGAATCCATATTTCTACATACTAATATTACGA
chrIII	142742	70	ATTTTACCACTAAACCACCTGCGCTAGTAATCTTGATACATGATTCGAGAAAAGCAACAATTTTATGTATACGGATTATACTAGGAGTTCTCTTCAAGGATAGAGGAATCCTCAAAATGGAATCCATATTTCTACATACTAATATTACGAT
chrIII	142742	70	ATTTTACCACTAAACCACTTGCGCTAGTAATCTTGATACATGATTCGAGAAAAGCAACAATATTATGTATACGGAATATACTAGGAGTTCTCTTCAAGGATAGAGGAATCCTCAAAATGGAATCCATATTTCTACATACTAATATTACGAT
chrIII	142742	7530	ATTTTACCACTAAACCACTTGCGCTAGTAATCTTGATACATGATTCGAGAAAAGCAACAATATTATGTATACGGAATATACTAGGAGTTCTCTTCAAGGATAGAGGAATCCTCAAAATGGAATCCATATTTCTACATACTAATATTACGAT
chrIII	142742	10150	ATTTTACCACTAAACCACTTGCGCTAGTAATCTTGATACATGATTCGAGAAAAGCAACAATATTATGTATACGGAATATACTAGGAGTTCTCTTCAAGGATAGAGGAATCCTCAAAATGGAATCCATATTTCTACATACTAATATTACGAT
chrIII	142742	2640	ATTTTACCACTAAACCACTTGCGCTAGTAATCTTGATACATGATTCGAGAAAAGCAACAATATTATGTATACGGAATATACTAGGAGTTCTCTTCAAGGATAGAGGAATCCTCAAAATGGAATCCATATTTCTACATACTAATATTACGA
chrIII	142742	5150	ATTTTACCACTAAACCACTTGCGCTAGTAATCTTGATACATGATTCGAGAAAAGCAACAATATTATGTATACGGAATATACTAGGAGTTCTCTTCAAGGATAGAGGAATCCTCAAAATGGAATCCATATTTCTACATACTAATATTACGAT
chrIII	142744	2640	TTTACCACTAAACCACTTGCGCTAGTAATCTTGATACATGATTCGAGAAAAGCAACAATATTATGTATACGGAATATACTAGGAGTTCTCTTCAAGGATAGAGGAATCCTCAAAATGGAATCCATATTTCTACATACTAATATTACGATTA
chrIII	142745	10150	TTACCACTAAACCACTTGCGCTAGTAATCTTGATACATGATTCGAGAAAAGCAACAATATTATGTATACGGAATATACTAGGAGTTCTCTTCAAGGATAGAGGAATCCTCAAAATGGAATCCATATTTCTACATACTAATATTACGATTA
chrIII	142747	5150	ACCACTAAACCACTTGCGCTAGTAATCTTGATACATGATTCGAGAAAAGCAACAATATTATGTATACGGAATATACTAGGAGTTCTCTTCAAGGATAGAGGAATCCTCAAAATGGAATCCATATTTCTACATACTAATATTACGATTATCC
chrIII	142747	2640	ACCACTAAACCACTTGCGCTAGTTATCTTGATACATGATTCGAGAAAAGCAACAATATTATGTATACGGAATATACTAGGAGTTCTCTTCAAGGATAGAGGAATCCTCAAAATGGAATCCATATTTCTACATACTAATATTACGATTATCC
chrIII	142747	70	ACCACTAAACCACTTGCGCTAGTAATCTTGATACATGATTCGAGAAAAGCAACAATATTATGTATACGGAATATACTAGGAGTTCTCTTCAAGGATAGAGGAATCCTCAAAATGGAATCCATATTTCTACATACTAATATTACGATTATCC
chrIII	142747	7530	ACCACTAAACCACTTGCGCTAGTAATCTTGATACATGATTCGAGAAAAGCAACAATATTATGTATACGGAATATACTAGGAGTTCTCTTCAAGGATAGAGGAATCCTCAAAATGGAATCCATATTTCTACATACTAATATTACGATTATCC
chrIII	142747	7530	ACCACTAAACCACTTGCGCTAGTAATCTTGATACATGATTCGAGAAAAGCAACAATATTATGTATACGGAATATACTAGGAGTTCTCTTCAAGGATAGAGGAATCCTCAAAATGGAATCCATATTTCTACATACTAATATTACGATTATCC
chrIII	142747	7530	ACCACTAAACCACTTGCGCTAGTAATCTTGATACATGATTCGAGAAAAGCAACAATATTATGTATACGGAATATACTAGGAGTTCTCTTCAAGGATAGAGGAATCCTCAAAATGGAATCCATATTTCTACATACTAATATTACGATTATCC
chrIII	142749	70	CACTAAACCACTTGCGCTAGTAATCTTGATACATGATTCGAGAAAAGCAACAATATTATGTATACGGAATATACTAGGAGTTCTCTTCAAGGATAGAGGAATCCTCAAAATGGAATCCATATTTCTACATACTAATATTACGATTATCCCT
chrIII	142749	10150	CACTAAACCACTTGCGCTAGTAATCTTGATACATGATTCGAGAAAAGCAACAATATTATGTATACGGAATATACTAGGAGTTCTCTTCAAGGATAGAGGAATCCTCAAAATGGAATCCATATTTCTACATACTAATATTACGATTATCCCT
chrIII	142750	7530	ACTAAACCACTTGCGCTAGTAATCTTGATACATGATTCGAGAAAAGCAACAATATTATGTATACGGAATATACTAGGAGTTCTCTTCAAGGATAGAGGAATCCTCAAAATGGAATCCATATTTCTACATACTAATATTACGATTATCCCTT
chrIII	142750	10150	ACTAAACCACTTGCGCTAGTAATCTTGATACATGATTCGAGAAAAGCAACAATATTATGTATACGGAATATACTAGGAGTTCTCTTCAAGGATAGAGGAATCCTCAAAATGGAATCCATATTTCTACATACTAATATTACGATTATCCCTT
chrIII	142751	70	GTAAACCACTTGCGCTAGTAATCTTGATACATGAATCGAGACAAGCCACAATAATATGTATACGGACTCTACAAGGAGTTCTGTTCAAGGAGAGAGGATTCCTCAAGATGGAATC(AAGATTTCTCCAGACTAGGATTACGGTTTTCGCTT)
chrIII	142751	2640	CTAAACCACTTGCGCTAGTAATCTTGATACATGATTCGAGAAAAGCAACAATATTATGTATACGGAATATACTAGGAGTTCTCTTCAAGGATAGAGGAATCCTCAAAATGGAATCCATATTTCTACATACTAATATTACGATTATCCCTTC
chrIII	142754	70	AACCACTTGCGCTAGTAATCTTGATACATGATTCGAGAAAAGCAACAATATTATGTATACGGAATATACTAGGAGTTCTCTTCAAGGATAGAGGAATCCTCAAAATGGAATCCATATTTCTACATACTAATATTACGATTATCCCTTCTT
chrIII	142756	7530	CCACTTGCGCTAGTAATCTTGATACATGATTCGAGAAAAGCAACAATATTATGTATACGGAATATACTAGGAGTTCTCTTCAAGGATAGAGGAATCCTCAAAATGGAATCCATATTTCTACATACTAATATTACGATTATCCCTTCTTCTA
chrIII	142757	5150	CACTTGCGCTAGTAATCTTGATACATGATTCGAGAAAAGCAACAATATTATGTATACGGAATATACTAGGAGTTCTCTTCAAGGATAGAGGAATCCTCAAAATGGAATCCATATTTCTACATACTAATATTACGATTATCCCTTCTTCTAT
chrIII	142758	2640	ACTTGCGCTAGTAATCTTGATACATGATTCGAGAAAAGCAACAATATTATGTATACGGAATATACTAGGAGTTCTCTTCAAGGATAGAGGAATCCTCAAAATGGAATCCATATTTCTACATACTAATATTACGATTATCCCTTCTTCTATT
chrIII	142758	70	ACTTGCGCTAGTAATCTTGATACATGATTCGAGAAAAGCAACAATATTATGTATACGGAATATACTAGGAGTTCTCTTCAAGGATAGAGGAATCCTCAAAATGGAATCCATATTTCTACATACTAATATTACGATTATCCCTTCTTCTATT
chrIII	142759	70	CTTGCGCTAGTAATCTTGATACATGATTCGAGAAAAGCAACAATATTATGTATACGGAATATACTAGGAGTTCTCTTCAAGGATAGAGGAATCCTCAAAATGGAATCCATATTTCTACATACTAATATTACGATTATCCCTTCTTCTATTT
chrIII	142759	7530	CTTGCGCTAGTAATCTTGATACATGATTCGAGAAAAGCAACAATATTATGTATACGGAATATACTAGGAGTTCTCTTCAAGGATAGAGGAATCCTCAAAATGGAATCCATATTTCTACATACTAATATTACGATTATCCCTTCTTCTATTT
chrIII	142759	70	CTTGCGCTAGTAATCTTGATACATGATTCGAGAAAAGCAACAATATTATGTATACGGAATATACTAGGAGTTCTCTTCAAGGATAGAGGAATCCTCAAAATGGAATCCATATTTCTACATACTAATATTACGATTATCCCTTCTTCTATTT
chrIII	142759	70	CTTGCGCTAGTAATCTTGATACATGATTCGAGAAAAGCAACAATATTATGTATACGGAATATACTAGGAGTTCTCTTCAAGGATAGAGGAATCCTCAAAATGGACTCCATATTTCTACATACTAATATTACGATTATCCCTTCTTCTATTT
chrIII	142761	1410	TGCGCGAGTAAGCTTGATACATGATTCGAGAAAAGCAACAATATTCTGTATACGGAATATACTAGGAGTTCTCTTCAAGGATAGAGGAATCCTCAAAATGGAATCCATATTTCTACATACTAATATTACGATTATCCCTTCTTCTATTT
chrIII	142761	1410	TGCGCTAGTAATCTTGATACATGATTCGAGAAAAGCAACAATATTATGTATACGGAATATACTAGGAGTTCTCTTCAAGGATAGAGGAATCCTCAAAATGGAATCCATATTTCTACATACTAATATTACGATTATCCCTTCTTCTATTT
chrIII	142761	5150	TGCGCTAGTAATCTTGATACATGATTCGAGAAAAGCAACAATATTATGTATACGGAATATACTAGGAGTTCTCTTCAAGGATAGAGGAATCCTCAAAATGGAATCCATATTTCTACATACTAATATTACGATTATCCCTTCTTCTATTT
chrIII	142764	10150	GCTAGTAATCTTGATACATGATTCGAGAAAAGCAACAATATTATGTATACGGAATATACTAGGAGTTCTCTTCAAGGATAGAGGAATCCTCAAAATGGAATCCATATTTCTACATACTAATATTACGATTATCCCTTCTTCTATTTTATAT
chrIII	142764	7530	GCTAGTAATCTTGATACATGATTCGAGAAAAGCAACAATATTATGTATACGGAATATACTAGGAGTTCTCTTCAAGGATAGAGGAATCCTCAAAATGGAATCCATATTTCTACATACTAATATTACGATTATCCCTTCTTCTATTTTATAT
chrIII	142764	5150	GCTAGTAATCTTGATACATGATTCGAGAAAAGCAACAATATTATGTATACGGAATATACTAGGAGTTCTCTTCAAGGATAGAGGAATCCTCAAAATGGAATCCATATTTCTACATACTAATATTACGATTATCCCTTCTTCTATTTTATAT
chrIII	142764	1410	GCTATTAATCTTGATACATGATTCGAGAAAAGCAACAATATTATGTATACGGAATATACTAGGAGTTCTCTTCAAGGATAGAGGAATCCTCAAAATGGAATCCATATTTCTACATACTAATATTACGATTATCCCTTCTTCTATTTTATAT
chrIII	142764	1410	GCTAGTAATCTTGATACATGATTCGAGAAAAGCAACAATATTATGTATACGGAATATACTAGGAGTTCTCTTCAAGGATAGAGGAATCCTCAAAATGGAATCCATATTTCTACATACTAATATTACGATTATCCCTTCTTCTATTTTATAT
chrIII	142764	5150	GCTAGTAATCTTGATACATGATTCGAGAAAAGCAACAATATTATGTATACGGAATATACTAGGAGTTCTCTTCAAGGATAGAGGAATCCTCAAAATGGAATCCATATTTCTACATACTAATATTACGATTATCCCTTCTTCTATTTTATAT
chrIII	142764	1410	GCTAGTAATCTTGATACATGATTCGAGAAAAGCAACAATATTATGTATACGGAATATACTAGGAGTTCTCTTCAAGGATAGAGGAATCCTCAAAATGGAATCCATATTTCTACATACTAATATTACGATTATCCCTTCTTCTATTTTATAT
chrIII	142764	1410	GCTAGTAATCTTGATACATGATTCGAGAAAAGCAACAATATTATGTATACGGAATATACTAGGAGTTCTCTTCAAGGATAGAGGAATCCTCAAAATGGAATCCATATTTCTACATACTAATATTACGATTATCCCTTCTTCTATTTTATAT
chrIII	142764	1410	GCTAGTAATCTTGATACATGATTCGAGAAAAGCAACAATATTATGTATACGGAATATACTAGGAGTTCTCTTCAAGGATAGAGGAATCCTCAAAATGGAATCCATATTTCTACATACTAATATTACGATTATCCCTTCTTCTATTTTATAT
chrIII	142765	7530	CTAGTAATCTTGATACATGATTCGAGAAAAGCAACAATATTATGTATACGGAATATACTAGGAGTTCTCTTCAAGGATAGAGGAATCCTCAAAATGGAATCCATATTTCTACATACTAATATTACGATTATCCCTTCTTCTATTTTATAT
chrIII	142765	7530	CTAGTAATCTTGATAGATGATTCGAGAATAGCATCACTATTATGTATACGGAATATAGTAGGAGTTCTCTTCAAGGATAGAGGAATCCTCAACATGGATTACATATTTCTACATACTACTATTACGATTATCCCTTCTTATATTTTATAT
chrIII	142765	70	CTAGTAATCTTGATACATGATTCGAGAAAAGCAACAATATTATGTATACGGAATATACTAGGAGTTCTCTTCAAGGATAGAGGAATCCTCAAAATGGAATCCATATTTCTACATACTAATATTACGATTATCCCTTCTTCTATTTTATAT
chrIII	142765	2640	CTAGTAATCTTGATACATGATTCGAGAAAAGCAACAATATTATGTATACGGAATATACTAGGAGTTCTCTTCAAGGATAGAGGAATCCTCAAAATGGAATCCATATTTCTACATACTAATATTACGATTATCCCTTCTTCTATTTTATAT
chrIII	142765	7530	CTAGTAATCTTGATACATGATTCGAGAAAAGCAACAATATTATGTATACGGAATATACTAGGAGTTCTCTTCAAGGATAGAGGAATCCTCAAAATGGAATCCATATTTCTACATACTAATATTACGATTATCCCTTCTTCTATTTTATAT
chrIII	142765	5150	CTAGTAATCTTGATACATGATTCGAGAAAAGCAACAATATTATGTATACGGAATATACTAGGAGTTCTCTTCAAGGATAGAGGAATCCTCAAAATGGAATCCATATTTCTACATACTAATATTACGATTATCCCTTCTTCTATTTTATATG
chrIII	142765	10150	CTAGTAATCTTGATACATGATTCGAGAAAAGCAACAATATTATGTATACGGAATATACTAGGAGTTCTCTTCAAGGATAGAGGAATCCTCAAAATGGAATCCATATTTCTACATACTAATATTACGATTATCCCTTCTTCAATTTTATATG
chrIII	142767	10150	AGTAATCTTGATACATGATTCGAGAAAAGCAACAATATTATGTATACGGAATATACTAGGAGTTCTCTTCAAGGATAGAGGAATCCTCAAAATGGAATCCATATTTCTACATACTAATATTACGATTATCCCTTCTTCTATTTTATATGT
chrIII	142767	5150	AGTAATCTTGATACATGATTCGAGAAAAGCAACAATATTATGTATACGGAATATACTAGGAGTTCTCTTCAAGGATAGAGGAATCCTCAAAATGGAATCCATATTTCTACATACTAATATTACGATTATCCCTTCTTCTATTTTATATGTT
chrIII	142769	2640	(ATAT)TAATCTTGATACATGATTCGAGAAAATCAACAATATTATGTATACGGAATATACTAGGAGTTCTCTTCAAGGATAGAGGAATCCTCAAAATGGAATCCATATTTCTACATACTAATATTACGATTATCCCTTCTTCTATTTTATAT
chrIII	142772	7530	TCTTGATACATGATTCGAGAAAAGCAACAATATTATGTATACGGAATATACTAGGAGTTCTCTTCAAGGATAGAGGAATCCTCAAAATGGAATCAATATTTCTACATACTAATATTACGATTATCCCTT(ATGATATATTATCTGTATCATT)
chrIII	142772	7530	TCTTGATACATGATTCGAGAAAAGCAACAATATTATGTATACGGAATATACTAGGAGTTCTCTTCAAGGATAGAGGAATCCTCAAAATGGAATCCATATTTCTACATACTAATATTACGATTATCCCTTCTTCTATTTTATATGTTTCATT
chrIII	142772	7530	TCTTGATACATGATTCGAGAAAAGCAACAATATTATGTATACGGAATATACTAGGAGTTCTCTTCAAGGATAGAGGAATCCTCAAAAT
chrIII	142772	7530	TCTTGATACATGATTCGAGAAAAGCAACAATATTATGTATACGGAATATACTAGGAGTTCTCTTCAAGGATAGAGGAATCCTCAAAATGGAATCCATATTTCTACATACTAATATTACGATTATCCCTTCTTCTATTTTATATGTTTCATT
chrIII	142772	2640	TCTTGATACATGATTCGAGAAAAGCAACAATATTATGTATACGGAATATACTAGGAGTTCTCTTCAAGGATAGAGGAATCCTCAAAATGGAATCCATATTTCTACATACTAATATTACGATTATCCCTTCTTCTATTTTATATGTTTCATT
chrIII	142772	1410	TCTTGATACATGATTCGAGAAAAGCAACAATATTATGTATACGGAATATACTAGGAGTTCTCTTCAAGGATAGAGGAATCCTCAAAATGGAATCCATATTTCTACATACTAATATTACGATTATCCCTTCTTCTATTTTATATGTTTCATT
chrIII	142772	1410	TCTTGATACATGATTCGAGAAAAGCAACAATATTATGTATACGGAATATACTAGGAGTTCTCTTCAAGGATAGAGGAATCCTCAAAATGGAATCCATATTTCTACATACTAATATTACGATTATCCCTTCTTCTATTTTATATGTTTCATT
chrIII	142772	7530	TCTTGATACATGATTCGAGAAAAGCAACAATATTATGTATACGGAATATACTAGGAGTTCTCTTCAAGGATAGAGGAATCCTCAAAAT
chrIII	142773	10150	CTTGATACATGATTCGAGAAAAGCAACAATATTATGTATACGGAATATACTAGGAGTTCTCTTCAAGGATAGAGGAATCCTCAAAATGGAATCCATATTTCTACATACTAATATTACGATTATCCCTTCTTCTATTTTATATGTTTCATT
chrIII	142773	70	CTTGATACATGATTCGAGAAAAGCAACAATATTATGTATACGGAATATACTAGGAGTTCTCTTCAAGGATAGAGGAATCCTCAAAATGGAATCCATATTTCTACATACTAATATTACGATTATCCCTTCTTCGATTTTATATGTTTCATTA
chrIII	142773	7530	CTTGATACATGATTCGAGAAAAGCAACAATATTATGTATACGGAATATACTAGGAGTTCTCTTCAAGGATAGAGGAATCCTCAAAATGGAATCCATATTTCTACATACTAATATTACGATTATCCCTTCTTCTATTTTATATGTTTCATTA
chrIII	142775	7530	TGATACATGATTCGAGAAAAGCAACAATATTATGTATACGGAATATACTAGGAGTTCTCTTCAAGGATAGAGGAATCCTCAAAATGGAATCCATATTTCTACATACTAATATTACGATTATCCCTTCTTCTATTTTATATGTTTCATTAT
chrIII	142776	10150	GATACATGATTCGAGAAAAGCAACAATATTATGTATACGGAATATACTAGGAGTTCTCTTCAAGGATAGAGGAATCCTCAAAATGGAATCCATATTTCTACATACTAATATTACGATTATCCCTTCTTCTATTTTATATGTTTCATTATCC
chrIII	142776	10150	GATACATGATTCGAGAAAAGCAACAATATTATGTATACGGAATATACTAGGAGTTCTCTTCAAGGATAGAGGAATCCTCAAAATGGAATCCATATTTCTACATACTAATATTACGATTATCCCTTCTTCTATTTTATATGTTTCATTATCC
chrIII	142776	10150	GATACATGATTCGAGAAAAGCAACAATATTATGTATACGGAATATACTAGGAGTTCTCTTCAAGGATAGAGGAATCCTCAAAATGGAATCCATATTTCTACATACTAATATTACGATTATCCCTTCTTCTATTTTATATGTTTCATTATCC
chrIII	142776	5150	GATACATGATTCGAGAAAAGCAACAATATTATGTATACGGAATATACTAGGAGTTCTCTTCAAGGATAGAGGAATCCTCAAAATGGAATCCATATTTCTACATACTAATATTACGATTATCCCTTCTTCTATTTTATATGTTTCATTATCC
chrIII	142777	2640	ATACATGATTCGAGAAAAGCAACAATCTTATGTATACGGAATATACTAGGAGTTCTCTTCAAGGAGAGAGGAATCCTCAAAATGGAATCCATATTTCTACATACTAATATTACGATTATCCCTTCTTCTATTTTATATGTTTCATTATCC
chrIII	142777	2640	ATACATGATTCGAGAAAAGCAACAATATTATGTATACGGAATATACTAGGAGTTCTCTTCAAGGATAGAGGAATCCTCAAAATGGAATCCATATTTCTACATACTAATATTACGATTATCCCTTCTTCTATTTTATATGTTTCATTATCC
chrIII	142781	1410	ATGATTCGATAAAAGCAACAATATTATGTATACGGAATATACTAGGAGTTCTCTTCAAGGATAGAGGAATCCTCAAAATGGAATCCATATTTCTACATACTAATATTACGATTATCCCTTCTTCTATTTTATATGTTTCATTATCCTATTA
chrIII	142781	5150	ATGATTCGAGAAAAGCAACAATATTATGTATACGGAATATACTAGGAGTTCTCTTCAAGGATAGAGGAATCCTCAAAATGGAATCCATATTTCTACATACTAATATTACGATTATCCCTTCTTCTATTTTATATGTTTCATTATCCTATTA
chrIII	142781	7530	ATGATTCGAGAAAAGCAACAATATTATGTATACGGAATATACTAGGAGTTCTCTTCAAGGATAGAGGAATCCTCAAAATGGAATCCATATTTCTACATACTAATATTACGATTATCCCTTCTTCTATTTTATATGTTTCATTATCCTATTA
chrIII	142781	1410	ATGATTCGAGAAAAGCAACAATATTATGTATACGGAATATACTAGGAGTTCTCTTCAAGGATAGAGGAATCCTCAAAATGGAATCCATATTTCTACATACTAATATTACGATTATCCCTTCTTCTATTTTATATGTTTCATTATCCTATTA
chrIII	142782	70	TGATTCGAGAAAAGCAACAATATTATGTATACGGAATATACTAGGAGTTCTCTTCAAGGATAGAGGAATCCTCAAAATGGAATCCATATTTCTACATACTAATATTACGATTATCCCTTCTTCTATTTTATATGTTTCATTATCCTATTAC
chrIII	142783	10150	GATTCGAGAAAAGCAACAATATTATGTATACGGAATATACTAGGAGTTCTCTTCAAGGATAGAGGAATCCTCAAAATGGAATCCATATTTCTACATACTAATATTACGATTATTCCTCATTCCGTTTTATATGTTTCATTATCCTATTAC
chrIII	142783	5150	GATTCGAGAAAAGCAACAATATTATGTATACGGAATATACTAGGAGTTCTCTTCAAGGATAGAGGAATCCTCAAAATGGAATCCATATTTCTACATACTAATATTACGATTATCCCTTCTTCTATTTTATATGTTTCATTATCCTATTAC
chrIII	142783	10150	GATTCGAGAAAAGCAACAATATTATGTATACGGAATATACTAGGAGTTCTCTTCAAGGATAGAGGAATCCTCAAAATGGAATCCATATTTCTACATACTAATATTACGATTATCCCTTCTTCTATTTTATATGTTTCATTATCCTATTAC
chrIII	142784	5150	ATTCGATAAAAGCAACAATATTATTTATATTTAATTTACTAGTAGTTCTCTTCAAGTATAGATGATTCCTCATATTTGAATCGATATTTCTACATACTAATATTACGATTATCCCTTCTTCTATTTTATATGTTTCATTATCCTATTACAT
chrIII	142784	70	ATTCGAGAAAAGCAACAATATTATGTATACGGAATATACTAGGAGTTCTCTTCAAGGATAGAGGAATCCTCAAAATGGAATCCATATTTCTACATACTAATATTACGATTATCCCTTCTTCTATTTTATATGTTTCATTATCCTATTACAT
chrIII	142784	10150	ATTCGAGAAAAGCATCAATATTATGTATACTGAATATACTAGGAGTTCTCTTCAAGGATAGAGGAATCCTCAAAATGGAATCCATATTTCTACATACTAATATTACGATTATCCCTTCTTCTATTTTATATGTTTCATTATCCTATTACAT
chrIII	142784	2640	ATTAGAGAAAAGCAACAATATTATGTATACGGAATATACTAGGAGTTCTCTTCAAGGATAGAGGAATCCTCAAAATGGAATCCATATTTCTACATACTAATATTACGATTATCCCTTCTTCTATTTTATATGTTTCATTATCCTATTACAT
chrIII	142784	2640	AGTCGAGAACAGCAACAATCTTATGTATACGGAATATACTAGGAGTTCTCTTCATGGATAGAGGAATCCTCAAAATGGAATCCATATTTCTACATACTAATATTACGATTATCCCTTCTTCTATTTTATATGTTTCATTATCCTATTACA
chrIII	142784	70	ATTCGAGAAAAGCAACAATATTATGTATACGGAATATACTAGGAGTTCTCTTCAAGGATAGAGGAATCCTCAAAATGGAATCCATATTTCTACATACTAATATTACGATTATCCCTTCTTCTATTTTATATGTTTCATTATCCTATTACAT
chrIII	142784	2640	ATTCGAGAAAAGCAACAATATTATGTATACGGAATATACTAGGAGTTCTCTTCAAGGATAGAGGAATCCTCAAAATGGAATCCATATTTCTACATACTAATATTACGATTATCCCTTCTTCTATTTTATATGTTTCATTATCCTATTACAT
chrIII	142786	2640	TCGAGAAAAGCAACAATATTATGTATACGGAATATACTAGGAGTTCTCTTCAAGGATAGAGGAATCCTCAAAATGGAATCCATATTTCTACATACTAATATTACGATTATCCCTTCTTCTATTTTATATGTTTCATTATCCTATTACATTA
chrIII	142786	2640	TCGAGAAAAGCAACAATATTATGTATACGGAATATACTAGGAGTTCTCTTCAAGGATAGAGGAATCCTCAAAATGGAATCCATATTTCTACATACTAATATTACGATTATCCCTTCTTCTATTTTATATGTTTCATTATCCTATTACATTA
chrIII	142789	7530	AGAAAAGCAACAATATTATGTATACGGAATATACTAGGAGTTCTCTTCAAGGATAGAGGAATCCTCAAAATGGAATCCATATTTCTACATACTAATATTACGATTATCCCTTCTTCTATTTTATATGTTTCATTATCCTAGTACATTATCA
chrIII	142789	1410	AGAAAAGCAACAATATTATGTATACGGAATATACTAGGAGTTCTCTTCAAGGATAGAGGAATCCTCAAAATGGAATCCATATTTCTACATACTAATATTACGATTATCCCTTCTTCTATTTTATATGTTTCATTATCCTATTACATTATCA
chrIII	142792	10150	AAAGCAACAATATTATGTATACGGAATATACTAGGAGTTCTCTTCAAGGATAGAGGAATCCTCAAAATGGAATCCATATTTCTACATACTAATATTACGATTATCCCTTCTTCTATTTTATATGTTTCATTATCCTATTACATTATCAATC
chrIII	142792	1410	AAAGCAACAATATTATGTATACGGAATATACTAGGAGTTCTCTTCAAGGATAGAGGAATCCTCAAAATGGAATCCATATTTCTACATACTAATATTACGATTATCCCTTCTTCTATTTTATATGTTTCATTATCCTATTACATTATCAATC
chrIII	142792	10150	AAAGCAACAATATTATGTATACGGAATATACTAGGAGTTCTCTTCAAGGATAGAGGAATCCTCAAAATGGAATCCATATTTCTACATACTAATATTACGATTATCCCTTCTTCTATTTTATATGTTTCATTATCCTATTACATTATCAATC
chrIII	142792	2640	AAAGCAACAATATTATGTATACGGAATATACTAGGAGTTCTCTTCAAGGATAGAGGAATCCTCAAAATGGAATCCATATTTCTACATACTAATATTACGATTATCCCTTCTTCTATTTTATATGTTTCATTATCCTATTACATTATCAATC
chrIII	142792	1410	AAAGCAACAATATTATGTATACGGAATATACTAGGAGTTCTCTTCAAGGATAGAGGAATCCTCAAAATGGAATCCATATTTCTACATACTAATATTACGATTATCCCTTCTTCTATTTTATATGTTTCATTATCCTATTACATTATCAATC
chrIII	142792	5150	AAAGCAACAATATTATGTATACGGAATATACTAGGAGTTCTCTTCAAGGATAGAGGAATCCTCAAAATGGAATCCATATTTCTACATACTAATATCACGATTATCCCTTCTTCTATTTTATATGTTTCATTATCCTATTACATTATCAATC
chrIII	142792	1410	AAAGCAACAATATTATGTATACGGAATATACTAGGAGTTCTCTTCAAGGATAGAGGAATCCTCAAAATGGAATCCATATTTCTACATACTAATATTACGATTATCCCTTCTTCTATTTTATATGTTTCATTATCCTATTACATTATCAATC
chrIII	142796	70	CAACAATTTTAGTTATACGGCATATACTAGGAGTTCTGGTCTAGGATCGCTGAATCCTCAACCTGGCATCCATATATCTTCCTACTAATATTACGATTATCCCTTCCTCTATTGTATATGTTTCATAATCCTATTACATTATCAATCCT
chrIII	142796	70	CAACAATATTATGTATACGGAATATACTAGGTGTTCTCTTCAAGGATAGAGGAATCCTCAAAATGGAATCCATATTTCTACATACTAATATTACGATTATCCCGTCTTCTATTTTATATGTTTCATTATCCTATTACATTATCAATCCTTG
chrIII	142798	1410	ACAATATTATGTATACGGAATATACTAGGAGTTCTCTTCAAGGATAGAGGAATCCTCAAAATGGAATCCATATTTCTACATACTAATATTACGATTATCCCTTCTTCTATTTTATATGTTTCATTATCCTATTACATTATCAATCCTTGC
chrIII	142799	2640	CAATATTATGTATACGGAATATACTAGGAGTTCTCTTCAAGGATAGAGGAATCCTCAAAATGGAATCCATATTTCTACATACTAATATTACGATTATCCCTTCTTCTATTTTATATGTTTCATTATCCTATTACATTATCAATCCTTGCA
chrIII	142800	70	AATATTATGTATACGGAATATACTAGGAGTTCTCTTCAAGGATAGAGGAATCCTCAAAATGGAATCCATATTTCTACATACTAATATTACGATTATCCCTTCTTCTATTTTATATGTTTCATTATCCTATTACATTATCAATCCTTGCA
chrIII	142801	70	ATATTATGTATACGGAATATACTAGGAGTTCTCTTCAAGGATAGAGGAATCCTCAAAATGGAATCCATATTTCTACATACTAATATTACGATTATCCCTTCTTCTATTTTATATGTTTCATTATCCTATTACATTATCAATCCTTGCACTT
chrIII	142801	7530	ATATTATGTATACGGAATATACTAGGAGTTCTCTTCAAGGATAGAGGAATCCTCAAAATGGAATCCATATTTCTAC
chrIII	142801	70	ATATTATGTATACGGAATATACTAGGAGTTCTCTTCAAGGATAGAGGAATCCTCAAAATGGAATCCATATTTCTACATACTAATATTACGATTAGCCCTTCTTCTATTTTATATGTTTCATTATCCTATTACATTATCAATCCTTGCACTT
chrIII	142801	7530	ATATTATGTATACGGAATATACTAGGAGTTCTCTTCAAGGATAGAGGAATCCTCAAAATGGAATCCATATTTCTACATACTAATATTACGATTATCCCTTCTTCTATTTTATATGTTTCATTATCCTATTACATTATCAATCCTTGCACTT
chrIII	142801	2640	ATATTATGTATACGGAATATACTAGGAGTTCTCTTCAAGGATAGAGGAATCCTCAAAATGGAATCCATATTTCTACATACTAATATTACGATTATCCCTTCTTCTATTTTATATGTTTCATTATCCTATTACATTATCAATCCTTGCACTT
chrIII	142801	10150	ATATTATGTATACGGAATATACTAGGAGTTCTCTTCAAGGATAGAGGAATCCTCAAAATGGAATCCATATTTCTACATACTAATATTACGATTATCCCTTCTTCTATTTTATATGTTTCATTATCCTATTACATTATCAATCCTTGCACTT
chrIII	142801	2640	ATATTATGTATACGGAATATACTAGGAGTTCTCTTCAAGGATAGAGGAATCCTCAAAATGGAATCCATATTTCTACATACTAATATTACGATTATCCCTTCTTCTATTTTATATGTTTCATTATCCTATTACATTATCAATCCTTGCACTT
chrIII	142801	2640	ATATTATGTATACGGAATATACTAGGAGTTCTCTTCAAGGATAGAGGAATCCTCAAAATGGAATCCATATTTCTACAT
chrIII	142801	2640	ATATTATGTATACGGAATATACTAGGAGTTCTCTTCAAGGATAGAGGAATCCTCAAAATGGAATCCATATTTCTACATACTAATATTACGATTATCCCTTCTTCTATTTTATATGTTTCATTATCCTATTACATTATCAATCCTTGCACTT
chrIII	142801	10150	ATATTATGTATACGGAATATACTAGGAGTTCTCTTCAAGGATAGAGGAATCCTCAAAATGGAATCCATATTTCTACATACTAATATTACGATTATCCCTTCTTCTATTTTATATGTTTCATTATCCTATTACATTATCAATCCTTGCACTT
chrIII	142801	2640	ATATTATGTATACGGAATATACTAGGAGTTCTCTTCAAGGATAGAGGAATCCTCAAAATGGAATCCATATTTCTACAT
chrIII	142801	7530	ATATTATGTATACGGAATATACTAGGAGTTCTCTTCAAGGATAGAGGAATCCTCAAAATGGAATCCATATTTCTACATACTAATATTACGATTATCCCTTCTTCTATTTTATATGTTTCATTATCCTATTACATTATCAATCCTTGCACTT
chrIII	142801	10150	ATATTATGTATACGGAATATACTAGGAGTTCTCTTCAAGGATAGAGGAATCCTCAAAATGGAATCCATATTTCTACATACTAATATTACGATTATCCCTTCTTCTATTTTATATGTTTCATTATCCTATTACATTATCAATCCTTGCACTT
chrIII	142801	1410	ATATTATGTATACGGAATATACTAGGAGTTCTCTTCAAGGATAGAGGAATCCTCAAAATGGAATCCATATTTCTACATACTAATATTACGATTATCCCTTCTTCTATTTTATATGTTTCATTATCCTATTACATTATCAATCCTTGCACTT
chrIII	142801	70	ATATTATGTATACGGAATATACTAGGAGTTCTCTTCAAGGATAGAGGAATCCTCAAAATGGAATCCATATTTCTACATACTAATATTACGAT
chrIII	142801	1410	ATATTATGTATACGGAATATACTAGGAGTTCTCTTCAAGGATAGAGGAATCCTCAAAATGGAATCCATATTTCTACATACTAATATTACGATTATCCCTTCTTCTATTTTATATGTTTCATTATCCTATTACATTATCAATCCTTGCACTT
chrIII	142801	70	ATATTATGTATACGGAATATACTAGGAGTTCTCTTCAAGGATAGAGGAATCCTCAAAATGGAATCCATATTTCTACATACTAATATTACGAT
chrIII	142801	5150	ATATTATGTATACGGAATATACTAGGAGTTCTCTTCAAGGATAGAGGAATCCTCAAAATGGAATCCATATTTCTACATACTAATATTACGATTATCCCTTCTTCTATTTTATATGTTTCATTATCCTATTACATTATCAATCCTTGCACTT
chrIII	142801	70	ATATTATGTATACGGAATATACTAGGAGTTCTCTTCAAGGATAGAGGAATCCTCAAAATGGAATCCATATTTCTACATACTAATATTACGATTATCCCTTCTTCTATTTTATATGTTTCATTATCCTATTACATTATCAATCCTTGCACTT
chrIII	142801	7530	ATATTATGTATACGGAATATACTAGGAGTTCTCTTCAAGGATAGAGGAATCCTCAAAATGGAATCCATATTTCTAC
chrIII	142801	5150	ATATTATGTATACGGAATATACTAGGAGTTCTCTTCAAGGATAGAGGAATCCCCAAAATGGAATCCATATTTCTACATACTAATATTACGATTATCCCTTCTTCTATTTTATATGTTTCATTATCCTATTACATTATCAATCCTTGCACTT
chrIII	142801	2640	ATATTATGTATACGGAATATACTAGGAGTTCTCTTCAAGGATAGAGGAATCCTCAAAATGGAATCCATATTTCTACATACTAATATTACGATTATCCCTTCTTCTATTTTATATGTTTCATTATCCTATTACATTATCAATCCTTGCACTT
chrIII	142802	70	TATTATGTATACGGAATATACTAGGAGTTCTCTTCAAGGATAGAGGAATCCTCAAAATGGAATCCATATTTCTACATACTAATATTACGATTATCCCTTCTTCTATTTTATATGTTTCATTATCCTATTACATTATCAATCCTTGCACTTC
chrIII	142802	70	TATTATGTATACGGAATATACTAGGAGTTCTCTTCAAGGATAGAGGAATCCTCAAAATGGAATCCATATTTCTACATACTAATATTACGATTATCCCTTCTTCTATTTTATATGTTTCATTATCCTATTACATTATCAATCCTTGCACTTC
chrIII	142803	7530	ATTATGTATACGGAATATACTAGGAGTTCTCTTCAAGGATAGAGGAATCCTCAAAATGGAATCCATATTTCTACATACTAATATTACGATTATCCCTTCTTCTATTTTATATGTTTCATTATCCTATTACAT
chrIII	142803	10150	ATTATGTATACGGAATATACTAGGAGTTCTCTTCAAGGATAGAGGAATCCTCAAAATGGAATCCATATTTCTACATACTAATATTACGATTATCCCTTCTTCTATTTTATATGTTTCATTATCCTATTACATTATCAATCCTTGCACTTC
chrIII	142803	5150	ATTATGTATACGGAATATACTAGGAGTTCTCTTCAAGGATAGAGGAATCCTCAAAATGGAATCCATATTTCTACATACTAATATTACGATTATCCCTTCTTCTATTTTATATGTTTCATTATCCTATTACATTATCAATCCTTGCACTTC
chrIII	142803	7530	ATTATGTATACGGAATATACTAGGAGTTCTCTTCAAGGATAGAGGAATCCTCAAAATGGAATCCATATTTCTACATACTAATATTACGATTATCCCTTCTTCTATTTTATATGTTTCATTATCCTATTACAT
chrIII	142803	2640	ATTATGTATACTGAATATACTAGGAGTTCTCTTCAAGGATAGAGGAATCCTCAAAATGGAATCCATATTTCTACATACTAATATTACGATTATCCCTTCTTCTATTTTATATGTTTCATTATCCTATTACATTATCAATCCTTGCACTTCA
chrIII	142805	7530	TATGTATACGGAATATACTAGGAGTTCTCTTCAAGGATAGAGGAATCCTCAAAATGGAATCCATATTTCTACATACTAATATTACGATTATCCCTTCTTCTATTTTATATGTTTCATTATCCTATTACATTATCAATCCTTGCACTTCAGC
chrIII	142805	7530	TATGTATACGGAATATACTAGGAGTTCTCTTCAAGGATAGAGGAATCCTCAAAATGGAATCCATATTTCTACATACTAATATTACGATTATCCCTTCTTCTATTTTATATGTTTCATTATCCTATTACATTATCAATCCTTGCACTTCAGC
chrIII	142805	2640	TATGTATACGGAATATACTAGGAGTTCTCTTCAAGGATAGAGGAATCCTCAAAATGGAATCCATATTTCTACATACTAATATTACGATTATCCCTTCTTCTATTTTATATGTTTCATTATCCTATTACATTATCAATCCTTGCACTTCAG
chrIII	142805	2640	TATGTATACGGAATATACTAGGAGTTCTCTTCAAGGATAGAGGAATCCTCAAAATGGAATCCATATTTCTACATACTAATATTACGATTATCCCTTCTTCTATTTTATATGTTTCATTATCCTATTACATTATCAATCCTTGCACTTCAG
chrIII	142805	70	TATGTATACGGAATATACTAGGAGTTCTCTTCAAGGATAGAGGAATCCTCAAAATGGAATCCATATTTCTACATACTAATATTACGATTATCCCTTCTTCTATTTTATATGTTTCATTATCCTATTACATTATCAATCCTTGCACTTCAGC
chrIII	142806	70	ATGTATACGGAATATACTAGGAGTTCTCTTCAAGGATAGAGGAATCCTCAAAATGGAATCCATATTTCTACATACTAATATTACGATTATCCCTTCTTCTATTTTATATGTTTCATTATCCTATTACATTATCAATCCTTGCACTTCAG
chrIII	142806	70	ATGTATACGGAATATACTAGGAGTTCTCTTCAAGGATAGAGGAATCCTCAAAATGGAATCCATATTTCTACATACTAATATTACGATTATCCCTTCTTCTATTTTATATGTTTCATTATCCTATTACATTATCAATCCTTGCACTTCAG
chrIII	142806	1410	ATGTATACGGAATATACTAGGAGTTCTCTTCAAGGATAGAGGAATCCTCAAAATGGAATACATATTTCTACATACTAATAGTACGATTATCCCTTCTTCTATTTTATATGTTTCATTATCCTATTACATTATCAATCCTTGCACTTCAGCT
chrIII	142806	70	ATGTATACGGAATATACTAGGAGTTCTCTTCAAGGATAGAGGAATCCTCAAAATGGAATCCATATTTCTACATACTAATATTACGATTATCCCTTCTTCTATTTTATATGTTTCATTATCCTATTACATTATCAATCCTTGCACTTCAG
chrIII	142807	1410	TGTATACGGAATATACTAGGAGTTCTCTTCAAGGATAGAGGAATCCTCAAAATGGAATCCATATTTCTACATACTAATATTACGATTATCCCTTCTTCTATTTTATATGTTTCATTATCCTATTACATTATCAATCCTTGCACTTCAGCTT
chrIII	142808	5150	GTATACGGAATATACTAGGAGTTCTCTTCAAGGATAGAGGAATCCTCAAAATGGAATCCATATTTCTACATACTAATATTACGATTATCCCTTCTTCTATTTTATATGTTTCATTATCCTATTACATTATCAATCCTTGCACTTCAGCTTC
chrIII	142808	10150	GTATACGGAATATACTAGGAGTTCTCTTCAAGGATAGAGGAATCCTCAAAATGGAATCCATATTTCTACATACTAATATTACGATTATCCCTTCTTCTATTTTATATGTTTCATTATCCTATTACATTATCAATCCTTGCACTTCAGCTTC
chrIII	142808	2640	GTATACGGAATATACTAGGAGTTCTCTTCAAGGATAGAGGAATCCTCAAAATGGAATCCATATTTCTACATACTAATATTACGATTATCCCTTCTTCTATTTTATATGTTTCATTATCCTATTACATTATCAATCCTTGCACTTCAGCTT
chrIII	142808	5150	GTATACGGAATATACTAGGAGTTCTCTTCAAGGATAGAGGAATCCTCAAAATGGAATCCATATTTCTACATACTAATATTACGATTATCCCTTCTTCTATTTTATATGTTTCATTATCCTATTACATTATCAATCCTTGCACTTCAGCTTC
chrIII	142810	5150	ATACGGAATATACTAGGAGTTCTCTTCAAGGATAGAGGAATCCTCAAAATGGAATCCATATTTCTACATACTAATATTACGATTATCCCTTCTTCTATTTTATATGTTTCATTATCCTATTACATTATCAATCCTTGCACTTCAGCTTCCT
chrIII	142810	1410	ATACGGAATATACTAGGAGTTCTCTTCAAGGATAGAGGAATCCTCAAAATGGAATCCATATTTCTACATACTAATATTACGATTATCCCTTCTTCTATTTTATATGTTTCATTATACTATTACATTATCAATCCTTGCACTTCAGCTTCCT
chrIII	142810	70	ATACGGAATATACTAGGAGTTCTCTTCAAGGATAGAGGAATCCTCAAAATGGACTCCATATTTCTACATACTAATATTACGATTATCCCTTCTTCTATTTTATATGTTTCATTATCCTATTACATTATCAATCCTTGCACTTCAGCTTC
chrIII	142810	1410	ATACGGAATATACTAGGAGTTCTCTTCAAGGATAGAGGAATCCTCAAAATGGAATCCATATTTCTACATACTAATATTACGATTATCCCTTCTTCTATTTTATATGTTTCATTATCCTATTACATTATCAATCCTTGCACTTCAGCTTCCT
chrIII	142812	10150	ACGGAATATACTAGGAGTTCTCTTCAAGGATAGAGGAATCCTCAAAATGGAATCCATATTTCTACATACTAATATTACGATTATCCCTTCTTCTATTTTATATGTTTCATTATCCTATTACATTATCAATCCTTGCACTTCAGCTTCCTCT
chrIII	142812	10150	ACGGAATATACTAGGAGTTCTCTTCAAGGATAGAGGAATCCTCAAAATGGAATCCATATTTCTACATACTAATATTACGATTATCCCTTCTTCTATTTTATATGTTTCATTATCCTATTACATTATCAATCCTTGCACTTCAGCTTCCTC
chrIII	142814	70	(GATGTAAAA)GGAATATACAAGGAGATCTATGCAAGGATAGAGGTATCCTCAAAAT(ACAAACAATATTTATAAATACTAATATAACGAAAAAACATTCATATATATTATAAGATTAAATATCCAATTACATAATCAAACCAAGCACTACAG)
chrIII	142815	70	GAATATACTAGGAGTTCTCTTCAAGTATAGAGGAATCCTCAAAATGGAATCCATATTTCTACATACTAATATTACGATTATCCCTTCATAAATTTTATATGTTTCATTATCCTATTACATTATCAATCCTTGCACTTCAGCTTCCTCTAA
chrIII	142815	1410	GAATATACTAGGAGTTCTCTTCAAGGATAGAGGAATCCTCAAAATGGAATCCATATTTCTACATACTAATATTACGATTATCCCTTCTTCTATTTTATATGTTTCATTATCCTATTACATTATCAATCCTTGCACTTCAGCTTCCTCTAAC
chrIII	142815	5150	GAATATACTAGGAGTTCTCTTCAAGGATAGAGGAATCCTCAAAATGGAATCCATATTTCTACATACTAATATTACGATTATCCCTTCTTCTATTTTATATGTTTCATTATCCTATTACATTATCAATCCTTGCACTTCAGCTTCCTCTAAC
chrIII	142815	7530	GAATATACTAGGAGTTCTCTTCAAGGATAGAGGAATCCTCAAAATGGAATCCATATTTCTACATACTAATATTACGATTATCCCTTCTTCTATTTTATATGTTTCATTATCCTATTACATTATAAATCCTTGCACTTCAGCTTCCTCTAA
chrIII	142815	2640	GAATATACTAGGAGTTCTCTTCAAGGATAGAGGAATCCTCAATATGGAATCCATATTTCTACATACTATTATTACGATTATCCCTTCTTCTATTTTATATGTTTCATGATCCTATTACATTATCATTCCTTGCACTTCTGCTTCCTCTAA
chrIII	142815	2640	GAATATACTAGGAGTTCTCTTCAAGGATAGAGGACTCCTCAAAATGGAATCCATATTTCTACATACTAATATTACGATTATCCGTTCTTCTATTTTATATGTTTCAGTATCCTATTACAGTATCTATCCTTGCACTTCAGCTTCCTCTAA
chrIII	142815	7530	GAATATACTAGGAGTTCTCTTCAAGGATAGAGGAATCCTCAAAATGGAATCCATATTTCTACATACTAATATTACGATTATCCCTTCTTCTATTTTATATGTTTCATTATCCTATTACATTATCAATCCTTGCACTTCAGCTTCCTCTAA
chrIII	142815	7530	GAATATACTAGGAGTTCTCTTCAAGGATAGAGGAATCCTCAAAATGGAATCCATATTTCTACATACTAATATTACGATTATCCCTTCTTCTATTTTATATGTTTCATTATCCTATTACATTATCAATCCTTGCACTTCAGCTTCCTCTAAA
chrIII	142815	2640	GAATATACTAGGAGTTCTCTTCAAGGATAGAGGAATCCTCAAAATGGAATCCATATTTCTACATACTAATATTACGATTATCCCTTCTTCTATTTTATATGTTTCATTATCCTATTACATTATCAATCCTTGCACTTCAGCTTCCTCTAA
chrIII	142815	70	GAATATACTAGGAGTTCTCTTCAAGGATAGAGGAATCCTCAAAATGGAATCCATATTTCTACATACTAATATTACGATTATCCCTTCTTCTATTTTATATGTTTCATTATCCTATTACATTATCAATCCTTGCACTTCAGCTTCCTCTAA
chrIII	142815	7530	GAATATACTAGGAGTTCTCTTCAAGGATAGAGGAATCCTCAAAATGGAATCCATATTTCTACATACTAATATTACGATTATCCCTTCTTCTATTTTATATGTTTCATTATCCTATTACATTATCAATCCTTGCACTTCAGCTTCCTCTAA
chrIII	142815	2640	GAATATACTAGGAGTTCTCTTCAAGGATAGAGGAATCCTCAAAATGGAATCCATATTTCTACATACTAATATTACGATTATCCCTTCTTCTATTTTATATGTTTCATTATCCTATTACATTATCAATCCTTGCACTTCAGCTTCCTCTAA
chrIII	142815	2640	GAATATACTAGGAGTTCTCTTCAAGGATAGAGGAATCCTCAAAATGGAATCCATATTTCTACATACTAATATTACGATTATCCCTTCTTCTATTTTATATGTTTCATTATCCTATTACATTATCAATCCTTGCACTTCAGCTTCCTCTAA
chrIII	142815	2640	GAATATACTAGGAGTTCTCTTCAAGGATAGAGGAATCCTCAAAATGGAATCCATATTTCTACATACTAATATTACGATTATCCCTTCTTCTATTTTATATGTTTCATTATCCTATTACATTATCAATCCTTGCACTTCAGCTTCCTCTAA
chrIII	142815	1410	GAATATACTAGGAGTTCTCTTCAAGGATAGAGGAATCCTCAAAATGGAATCCATATTTCTACATACTAATATTACGATTATCCCTTCTTCTATTTTATATGTTTCATTATCCTATTACATTATCAATCCTTGCACTTCAGCTTCCTCTAAC
chrIII	142815	70	GAATATACTAGGAGTTCTCTTCAAGGATAGAGGAATCCTCAAAATGGAATCCATATTTCTACATACTAATATTACGATTATCCCTTCTTCTATTTTATATGTTTCATTATCCTATTACATTATCAATCCTTGCACTTCAGCTTCCTCTAA
chrIII	142816	7530	AATATACTAGGAGTTCTCTTCAAGGATAGAGGAATCCTCAAAATGGAATCCATATTTCTACATACTAATATTACGATTATCCCTTCTTCTATTTTATATGTTTCATTATCCTATTACATTATCAATCCTTGCACTTCAGCTTCCTCTAAC
chrIII	142817	2640	(GT)ATATACTAGGTGTTCTGTTCAAGGATAGAGGAAACCTCAAAAAGGAAT(GCCGATTACTACATACTACTTTGACTCTCAGCCCTGCTCCTATTTAATGTGTGTCATTCTACAAGTAACTGATCACTCATTGGTGTTCTGCTTCATCTATA)
chrIII	142817	7530	ATATACTAGGAGTTCTCTTCAAGGATAGAGGAATCCTCAAAATGGAATCCATATTTCTACATACTAATATTACGATTATCCCTTCTTCTATTTTATATGTTTCATTATCCTATTACATTATCAATCCTTGCACTTCAGCTTCCTCTAACTT
chrIII	142817	2640	ATATACTAGGAGTTCTCTTCAAGGATAGAGGAATCCTCAAAATGGAATCCATATTTCTACATACTAAAATTACGATTCTCCCTTCTTCTATTTTATATGTTTCATTATCCTATTACATTATAAATCCTTGCACTTCAGCTTCCTCTAACTT
chrIII	142817	5150	ATATACTAGGAGTTCTCTTCAAGGATAGAGGAATCATCAAAATGGAATCCATATTTCTACATACTAATATTACGATTATCCCTTCTTCTATTTTATATGTTTCATTATCCTATTACATTATCAATCCTTGCACTTCAGCTTCCTCTAACTT
chrIII	142817	1410	ATATACTAGGAGTTCTCTTCAAGGATAGAGGAATCCTCAAAATGGAATCCATATTTCTACATACTAATATTACGATTATCCCTTCTTCTATTTTATATGTTTCATTATCCTATTAC
chrIII	142817	5150	ATATACTAGGAGTTCTCTTCAAGGATAGAGGAATCCTCAAAATGGAATCCATATTTCTACATACTAATATTACGATTATCCCTTCTTCTATTTTATATGTTTCATTATCCTATTACATTATCAATCCTTGCACTTCAGCTTCCTCTAACTT
chrIII	142817	70	ATATACTAGGAGTTCTCTTCAAGGATAGAGGAATCCTCAAAATGGAATCCATATTTCTACATACTAATATTACGATTATCCCTTCTTCTATTTTATATGTTTCATTATCCTATTACATTATCAATCCTTGCACTTCAGCTTCCTCTAACTT
chrIII	142817	70	ATATACTAGGAGTTCTCTTCAAGGATAGAGGAATCCTCAAAATGGAATCCATATTTCTACATACTAATATTACGATTATCCCTTCTTCTATTTTATATGTTTCATTATCCTATTACATTATCAATCCTTGCACTTCAGCTTCCTCTAACTT
chrIII	142817	7530	ATATACTAGGAGTTCTCTTCAAGGATAGAGGAATCCTCAAAATGGAATCCATATTTCTACATACTAATATTACGATTATCCCTTCTTCTATTTTATATGTTTCATTATCCTATTACATTATCAATCCTTGCACTTCAGCTTCCTCTAACTT
chrIII	142817	1410	ATATACTAGGAGTTCTCTTCAAGGATAGAGGAATCCTCAAAATGGAATCCATATTTCTACATACTAATATTACGATTATCCATTCTTCTATTTTATATGTTTCATTATCCTATTAC
chrIII	142818	70	(ATGATTCGAGATCAGCAACACTATGATGCAAACCGCC)TATACTAGGAGTTCACGACAAGGAGAGAGGAATCCACAAAATGCAATCCTGATTTCTACATACTAATATTACGATTATCCCTTCTTCTATTTTATATGATTCATTAACCTATTA
chrIII	142818	7530	TATACTAGGAGTTCTCTTCAAGGATAGAGGAATCCTCAAAATGGAATCCATATTTCTACATACTAATATTACGATTATCCCTTCTTCTATTTTATATGTTTCATTATCCTATTACATTATCAATCCTTGCACTTCAGCTTCCTCTAACTT
chrIII	142819	2640	ATACTAGGAGTTCTCTTCAAGGATAGAGGAATCCTCAAAATGGAATCCATATTTCTACATACTAATATTACGATTATCCCTTCTTCTATTTTATATGTTTCATTATACTATTACATTATCAATCCTTGAACTTCAGCTTCCT(ATAAATACG)
chrIII	142819	5150	ATACTAGGAGTTCTCTTCAAGGATAGAGGAATCCTCAAAATGGAATCCATATTTCTACATACTAATATTACGATTATCCCTTCTTCTATTTTATATGTTTCATTATCCTATTACATTATCAATCCTTGCACTTCAGCTTCCTCTAACTTCG
chrIII	142819	10150	ATACTAGGAGTTCTCTTCAAGGATAGAGGAATCCTCAAAATGGAATCCATATTTCTACATACTAATATTACGATTATCCCTTCTTCTATTTTATATGTTTCATTATCCTATTACATTATCAATCCTTGCACTTCAGCTTCCTCTAACTTCG
chrIII	142819	2640	ATACTAGGAGTTCTCTTCAAGGATAGAGGAATCCTCAAAATGGAATCCATATTTCTACATACTAATATTACGATTATCCCTTCTTCTATTTTATATGTTTCATTATCCTATTAC
chrIII	142819	2640	ATACTAGGAGTTCTCTTCAAGGATAGAGGAATCCTCAAAATGGAATCCATATTTCTACATACTAATATTACGATTATCCCTTCTTCTATTTTATATGTTTCATTATCCTATTAC
chrIII	142819	10150	ATACTAGGAGTTCTCTTCAAGGATAGAGGAATCCTCAAAATGGAATCCATATTTCTACATACTAATATTACGATTATCCCTTCTTCTATTTTATATGTTTCATTATCCTATTACATTATCAATCCTTGCACTTCAGCTTCCTCTAACTT
chrIII	142820	1410	TACTAGGAGTTCTCTTCAAGGATAGAGGAATCCTCAAAATGGAATCCATATTTCTACATACTAATATTACGATTATCCCTTCTTCTATTTTATATGTTTCATTATCCTATTACATTATCAATCCTTGCACTTCAGCTTCCTCTAACTTCG
chrIII	142820	1410	TACTAGGAGTTCTCTTCAAGGATAGAGGAATCCTCAAAATGGAATCCATATTTCTACATACTAATATTACGATTATCCCTTCTTCTATTTTATATGTTTCATTATCCTATTACATTATCAATCCTTGCACTTCAGCTTCCTCTAACTTCG
chrIII	142820	7530	TACTAGGAGTTCTCTTCAAGGATAGAGGAATCCTCAAAATGGAATCCATATTTCTACATACTAATATTACGATTATCCCTTCTTCTATTTTATATGTTTCATTATCCTATTACATTATCAATCCTTGCACTTCAGCTTCCTCTAACTTCGA
chrIII	142820	7530	TACTAGGCGTTCTCTTCAAGGATAGAGGAATCCTCAAAATGGAATCCATCTTTCTACATACTAATATTACGATTTTCCCTTCTTCTATTTTATATGTTTCAGTATCCTATTACATTATCAATCCTTGCACTTCAGCTTCCTCTAACTTCGA
chrIII	142820	70	TACTAGGAGTTCTCTTCAAGGATAGAGGAATCCTCAAAATGGAATCCATATTTCTACATACTAATATTACGATTATCCCTTCTTCTATTTTATATGTTTCATTATCCTATTACATTATCAATCCTTGCACTTCAGCTTCCTCTAACTTCGA
chrIII	142820	1410	TACTAGGAGTTCTCTTCAAGGATAGAGGAATCCTCAAAATGGAATCCATATTTCTACATACTAATATTACGATTATCCCTTCTTCTATTTTATATGTTTCATTATCCTATTACATTATCAATCCTTGCACTTCAGCTTCCTCTAACTTCG
chrIII	142820	7530	TACTAGGAGTTCTCTTCAAGGATAGAGGAATCCTCAAAATGGAATCCATATTTCTACATACTAATATTACGATTATCCCTTCTTCTATTTTATATGTTTCATTATCCTATTACATTATCAATCCTTGCACTTCAGCTTCCTCTAACTTCGA
chrIII	142820	70	TACTAGGAGTTCTCTTCAAGGATAGAGGAATCCTCAAAATGGAATCCATATTTCTACATACTAATATTACGATTATCCCTTCTTCTATTTTATATGTTTCATTATCCTATTACATTATCAATCCTTGCACTTCAGCTTCCTCTAACTTCGA
chrIII	142820	1410	TACTAGGAGTTCTCTTCAAGGATAGAGGAATCCTCAAAATGGAATCCATATTTCTACATACTAATATTACGATTATCCCTTCTTCTATTTTATATGTTTCATTATCCTATTACATTATCAATCCTTGCACTTCAGCTTCCTCTAACTTCG
chrIII	142820	70	TACTAGGAGTTCTCTTCAAGGATAGAGGAATCCTCAAAATGGAATCCATATTTCTACATACTAATATTACGATTATCCCTTCTTCTATTTTATATGTTTCATTATCCTATTACATTATCAATCCTTGCACTTCAGCTTCCTCTAACTTCGA
chrIII	142821	10150	ACTAGGAGTTCTCTTCAAGGATAGAGGAATCCTCAAAATGGAATCCATATTTCTACATACTAATATTACGATTATCCCTTCTTCTATTTTATATGTTTCATTATCCTATTACATTATCAATCCTTGCACTTCAGCTTCCTCTAACTTCGAT
chrIII	142822	70	CTAGGAGTTCTCTTCAAGGATAGAGGAATCCTCAAAATGGAATCCATATTTCTACATACTAATATTACGATTATCCCTTCTTCTATTTTATATGTTTCATTATCCTATTACATTATCAATCCTTGCACTTCAGCTTCCTCTAACTTCGATG
chrIII	142822	70	CTAGGAGTTCTCTTCAATGATAGAGGAATCCTCAAAATGGAATCCATATTTCTACATACTAATATTACGATTATCCCTTCTTCTATTTTTTATGTTTCATTATCCTATTACATTATAAATCCTTGCACTTCAGCTTCCTCTAACTTCGATG
chrIII	142822	7530	CTAGGAGTTCTCTTCAAGGATAGAGGAATCCTCAAAATGGAATCCATATTTCTACATACTAATATTACGATTATCACTTCTTCTATTTTATATGTTTCATTATCCTATTACATTATCAATCCTTGCACTTCAGCTTCCTCTAACTTCGATG
chrIII	142824	1410	AGGAGTTCTCTTCAAGGATAGAGGAATCCTCAAAATGGAATCCATATTTCTACATACTAATATTACGATTATCCCTTCTTCTATTTTATATGTTTCATTATCCTATTACATTATCAATCCTTGCACTTCAGCTTCCTCTAACTTCGATGAC
chrIII	142825	7530	GGAGTTCTCTTCAAGGATAGAGGAATCCTCAAAATGGAATCCATATTTCTACATACTAATATTACGATTATCCCTTCTTCTATTTTATATGTTTCATTATCCTATTACATTATCAATCCTTGCACTTCAGCTTCCTCTAACTTCGATGACA
chrIII	157476	5150	ATTTGGTATTCGAATAAACATGCAGGATGTGGCGGAAGGGATCGGAATAAGAGTCGGGATCGGGATCGGGATATGGCTTTGCTTACTTTAGCCATACCAAATATTCTTACAAAGCACGCTTTCGATGCGTTTTTGCCTTCTGAGAGAATCC
chrIII	157476	5150	ATTTGGTATTCGAATAAACATGCAGGATGTGGCGGAAGGGATCGGAATAAGAGTCGGGATCGGGATCGGGATATGGCTTTGCTTACTTTAGCCATACCAAATATTCTTACAAAGCACGCTTTCGATGCGTTTTTGCCTTCTGAGAGAATCC
chrIII	157481	70	GTATTCGAATAAACATGCAGGATGTGGCGGAAGGGATCGGAATAAGAGTCGGGATCGGGATCGGGATATGGCTTTGCTTACTTTAGCCATACCAAATATTCTTACAAAGCACGCTTTCGATGCGTTATAGCCTTCTGAGAGAATCCTCCTA
chrIII	157481	10150	GTATTCGAATAAACATGCAGGATGTGGCGGAAGGGATCGGAATAAGAGTCGGGATCGGGATCGGGATATGGCTTTGCTTACTTTAGCCATACCAAATATTCTTACAAAGCACGCTTTCGATGCGTTTTTGCCTTCTGAGAGAATCCTCCTA
chrIII	157481	5150	GTATTCGAATAAACATGCAGGATGTGGCGGAAGGGATCGGAATAAGAGTCGGGATCGGGATCGGGATATGGCTTTGCTTACTTTAGCCATACCAAATATTCTTACAAAGCACGCTTTCGATGCGTTTTTGCCTTCTGAGAGAATCCTCCT
chrIII	157482	2640	TATTCGAATAAACATGCAGGATGTGGCGGAAGGGATCGGAATAAGAGTCGGGATCGGGATCGGGATATGGCTTTGCTTACTTTAGCCATACCAAATATTCTTACAAAGCACGCTTTCGATGCGTTTTTGCCTTCTGAGAGAATCCTCCTAC
chrIII	157482	70	TATTCGAAGAAACCTGCAGGATGTGGCGGAAGGGATCGGAAGAAGAGTCGGGATCGGGATCGGGAGATGGCTTTGCGTTCTTTAGCCATACCAAATAGTCGTACAAAGCACGCTTTCGATGCGTTTTTGCCTTCTGAGAGATTCCTCCTA
chrIII	157482	7530	TATTAGAATAAACATGCAGGATGTGGCGGAAGGGATCGGATTAAGAGTCGGGATCGGGATCGGGATATGGCTTTGCTTACTTTAGCCATACCAAATATTCTTACAAAGCACGCTTTCGATGCGTTTTTGCCTTCTGAGAGTATCCTCCTA
chrIII	157483	1410	ATTCGAATAAACATGCAGGATGTGGCGGAAGGGATCGGAATAAGAGTCGGGATCGGGATCGGGATATGGCTTTGCTTACTTTAGCCATACCAAATATTCTTACAAAGCACGCTTTCGATGCGTTTTTGCCTTCTGAGAGAATCCTCCTAC
chrIII	157484	70	TTCGAATAAACATGCAGGATGTGGCGGAAGGGATCGGAATAAGAGTCGGGATCGGGATCGGGATATGGCTTTGCTTACTTTAGCCATACCAAATATTCTTACAAAGCACGCTTTCGATGCGTTTTTGCCTTCTGAGAGAATCCTCCTACGG
chrIII	157484	7530	TTCGAATAAACATGCAGGATGTGGCGGAAGGGATCGGAATAAGAGTCGGGATCGGGATCGGGATATGGCTTTGCTTACTTTAGCCATACCAAATATTCTTACAAAGCACGCTTTCGATGCGTTTTTGCCTTCTGAGAGAATCCTCCTACGG
chrIII	157485	5150	TCGAATAAACATGCAGGATGTGGCGGAAGGGATCGGAATAAGAGTCGGGATCGGGATCGGGATATGGCTTTGCTTACTTTAGCCATACCAAATATTCTTACAAAGCACGCTTTCGATGCGTTTTTGCCTTCTGAGAGAATCCTCCTACGG
chrIII	157485	1410	TCGAATAAACATGCAGGATGTGGCGGAAGGGATCGGAATAAGAGGCGGGATCGGGAGCGGGATATGGCTTTGCTTACTTTAGCCATACCAAATATTCTTACAAAGCACGCTTTCGATGCGTTTTTGCCTTCTGAGAGAATCCTCCTACGG
chrIII	157486	10150	CGAATAAACATGCAGGATGTGGCGGAAGGGATCGGAATAAGCGTCGGGATCGGGATCGGGATATGGCTTTGCTTACTTTAGCCATACCAAATATTCTTACAAAGCACGCGTTCGATGCGTTTTTGCCTTCTGAGAGAATCCTCCTACGGCT
chrIII	157486	5150	CGATTAAACATGCAGGATGTGGCGGAAGGGATCGGAATAAGAGTCGGGATAGGGATCGGGATATGGCTTTGCTTACTTTAGCCATACCAAATATTCTTACAAAGCACGCTTTCGATGCGTTTTTGCCTTCTGAGAGAATCCTCCTACGGCT
chrIII	157487	70	GAATAAACATCCAGGATGGGGCGGAAGGGCGCCGAATAAGCGGAGGGATCGCGATCGGGATAGGGCATTGCTTACTTTAGCCATACGAAATATTCTAACACAGCACGCGTTAGAAGAGATTTTACCATCTCAGATAATCCTCCTACGGCT
chrIII	157487	70	GAATAAACATGCAGGATGTGGCGGAAGGGATCGGAATAAGAGTCGGGATCGGGATCGGGATATGGCTTTGCTTACTTTAGCCATACCAAATATTCTTACAAAGCACGCTTTCGATGCGTTTTTGCCTTCTGAGAGAATCCTCCTACGGCT
chrIII	157487	1410	GAATAAACATGCAGGATGTGGCGGAAGGGATCGGAATAAGAGTCGGGATCGGGATCGGGATATGGCTTTGCTTACTTTAGCCATACCAAATATTCTTACAAAGCACGCTTTCGATGCGATTTTGCCATCTGAGAGAATCCTCCTACGGCTC
chrIII	157487	2640	GAATAAACATGCAGGATGTGGCGGAAGGGATCGGAATAAGAGTCGGGATCGGGATCGGGATATGGCTTTGCTTACTTTAGCCATACCAAATATTCTTACAAAGCACGCTTTCGATGCGTTTTTGCCTTCTGAGAGAATCCTCCTACGGCT
chrIII	157487	2640	GAATAAACATGCAGGATGTGGCGGAAGGGATCGGAATAAGAGTCGGGATCGGGATCGGGATATGGCTTTGCTTACTTTAGCCATACCAAATATTCTTACAAAGCACGCTTTCGATGCGTTTTTGCCTTCTGAGAGAATCCTCCTACGGCT
chrIII	157491	1410	AAACATGCAGGATGTGGCGGAAGGGATCGGAATAAGAGTCGGGATCGGGATCGGGATATGGCTTTGCTTACTTTAGCCATACCAAATATTCTTACAAAGCACGCTTTCGATGCGTTTTTTCCTTCTGAGAGAATCCTCCTACGGCTCGAC
chrIII	157492	7530	AACATGCAGGATGTGGCGGAAGGGATCGGAATAAGAGTCGGGATCGGGATCGGGATATGGCTTTGCTTACTTTAGCCATACCAAATATTCTTACAAAGCACGCTTTCGATGCGTTTTTGCCTTCTGAGAGAATCCTCCTACGGCTCGACC
chrIII	157492	7530	AACATGCAGGATGTGGCGGAAGGGATCGGAATAAGAGTCGGGATCGGGATCGGGATATGGCTTTGCTTACTTTAGCCATACCAAATATTCTTACAAAGCACGCTTTCGATGCGTTTTTGCCTTCTGAGAGAATCCTCCTACGGCTCGACCC
chrIII	157492	7530	AACATGCAGGATGTGGCGGAAGGGATCGGAATAAGAGTCGGGATCGGGATCGGGATATGGCTTTGCTTACTTTAGCCATACCAAATATTCTTACAAAGCACGCTTTCGATGCGTTTTTGCCTTCTGAGAGAATCCTCCTACGGCTCGACC
chrIII	157492	2640	AACATGCAGGATGTGGCGGAAGGGATCGGACTAAGAGTCGGGATCGGGTTCGGGATATGGCTTTGCTTACTTTAGCCATACCAAATATTCTTTCAAAGCTCGCTTTCGATGCGTTTTAGCCTTCTGAGAGAATCCTCCTACGGCTCGACC
chrIII	157492	1410	AACATGCAGGATGTGGCGGAAGGGATCGGAATAAGAGTCGGGATCGGGATCGGGATATGGCTTTGCTTACTTTAGCCATACCAAATATTCTTACAAAGCACGCTTTCGATGCGTTTTTGCCTTCTGAGAGAATCCTCCTACGGCTCGACCC
chrIII	157492	70	AACATGCAGGATGTGGCGGAAGGGATCGGAATAAGAGTCGGGATCGGGATCGGGATATGGCTTTGCTTACTTTAGCCATACCAAATATTC-TACAAAGCACGCTTTCGATGCGTTTTTGCCTTCTGAGAGAATCCTCCTACGGCTCGACC
chrIII	157492	70	GACATGCAGGATGTGGCGGAAGGGATCGGTATAGGAGACGGGAACGGTATCGGGATAAGGGTTTGCTTTCATTAGCCATACCAAGTTTTCTAACAAAGCACGCTTTCGATGACTTTTTGCCTTCTGAGAGAATCCTCCTACGGCTCGACCG
chrIII	157493	10150	ACATGCAGGATGTGGCGGAAGGGATCGGAATAAGAGTCGGGATCGGGATCGGGATATGGCTTTGCTTACTTTAGCCATACCAAATATTCTTACAAAGCACGCTTTCGATGCGTTTTTGCCTTCTGAGAGAATCCTCCTACGGCTCGACCAT
chrIII	157494	2640	CATGCAGGATGTGGCGGAAGGGATCGGAATAAGAGTCGGGATCGGGATCGGGATATGGCTTTGCTTACTTTAGCCATACCAAATATTCTTACAAAGCACGCTTTCGATGCGTTTTTGCCTTCTGAGAGAATCCTCCTACGGCTCGACCCTT
chrIII	157494	10150	CATGCAGGATG-GGCGGAAGGGATCGGAATAAGAGTCGGGATCGGGATCGGGATATGGCTTTGCTTACTTTAGCCATACCAAATAATCTTACAAAGCACGCTTTCGATGCGTTTTTGCCTTCTGAGAGAATCCTCCTACGGCTCGACCCTTG
chrIII	157495	2640	ATGCAGGATGTGGCGGAAGGGATCGGAATAAGAGTCGGGATCGGGATCGGGATATGGCTTTGCTTACTTTAGCCATACCAAATATTCTTACAAAGCACGCTTTCGATGCGTTTTTGCCTTCTGAGAGAATCCTCCTACGGCTCGACCCTTG
chrIII	157496	7530	(TTTTCTCATTAACC)TGCAGGATGTGGCGGAAGTGATCGGAATAAGAGTGGGGATAGGGATCGGGCTTTGGCGGTGCTTTCTTTTGCCATACCAAATATTCTTACAAAGCTCGCTTTGGTTGCGTTTTTGCGTTCGGAGTGATTTCTCCTAC
chrIII	157496	5150	TGCAGGATGTGGCGGAAGGGATCGGAATAAGAGTCGGGATCGGGATCGGGATATGGCTTTGCTTACTTTAGCCATACCAAATATTCTTACAAAGCACGCTTTCGATGCGTTTTTGCCTTCTGAGAGAATCCTCCTACGGCTCGACCCTTG
chrIII	157496	7530	TGCAGGATGTGGCGGAAGGGATCGGAATAAGAGTCGGGATCGGGATCGGGATATGGCTTTGCTTACTTTAGCCATACCAAATATTCTTACAAAGCACGCTTTCGATGCGTTTTTGCCTTCTGAGAGAATCCTCCTACGGCTCGACCCTTGA
chrIII	157498	1410	CAGGATGTGGCGGAAGGGATCGGAATAAGAGTCGGGATCGGGATCGGGATATGGCTTTGCTTACTTTAGCCATACCAAATATTCTTACAAAGCACGCTTTCGATGCGTTTTTGCCTTCTGAGAGAATCCTCCTACGGCTCGACCCTTGAAA
chrIII	157498	1410	CAGGATGTGGCGGAAGGGATCGGAATAAGAGTCGGGATCGGGATCGGGATATGGCTTTGCTTACTTTAGCCATACCAAATATTCTTACAAAGCACGCTTTCGATGCGTTTTTGCCTTCTGAGAGAATCCTCCTACGGCTCGACCCTTGAAA
chrIII	157500	2640	GGATGTGGCGGAAGGGATCGGAATAAGAGTCGGGATCGGGATCGGGATATGGCTTTGCTTACTTTAGCCATACCAAATATTCTTACAAAGCACGCTTTCGATGCGTTTTTGCCTTCTGAGAGAATCCTCCTACGGCTCGACCCTTGAAAAA
chrIII	157500	5150	GGATGTGGCGGAAGGGATCGGAATAAGAGTCGGGATCGGGATCGGGATATGGCTTTGCTTACTTTAGCCATACCAAATATTCTTACAAAGCACGCTTTCGATGCGTTTTTGCCTTCTGAGAGAATCCTCCTACGGCTCGACCCTTGAAAA
chrIII	157501	2640	GATGTGGCGGAAGGGATCGGAATCAGAGTCGGGATCGGGATCGGGATATGGCTTTGCTTACTATAGCCATACCAAATATTCTTACAAAGCACGCTTTCGATGCGTTTTTGCCTTCTGAGAGAATCCTCCTACGGCTCGACCCTTGAAA
chrIII	157501	2640	GATGTGGCGGAAGGGCTCGGAATAAGAGTCGGGATCGGGATCGGGATAGGGCTTGGCTTACTTGAGCCATACCAAATATTCTGACAAAGCACGCTTTCGATGCGTTTTTGCCTTCTGAGAGAATCCTGCTACGGCTCGACCCTTGATA
chrIII	157502	2640	ATGTGGCGGAAGGGATCGGAATAAGAGTCGGGATCGGGATCGGGATATGGCTTTGCTTACTTTAGCCATACCAAATATTCTTACAAAGCACGCTTTCGATGCGTTTTTGCCTTCTGAGAGAATCCTCCTACGGCTCGACCCTTGAAAAATT
chrIII	157502	2640	ATGTGGCGGAAGGGATCGGAATAAGAGTCGGGATCGGGATCGGGATATGGCTTTGCTTACTTTAGCCATACCAAATATTCTTACAAAGCACGCTTTCGATGCGTTTTTGCCTTCTGAGAGAATCCTCCTACGGCTCGACCCTTGAAAAATT
chrIII	157502	1410	ATGTGGCGGAAGGGATCGGAATAAGAGTCGGGATCGGGATCGGGATATGGCTTTGCTTACTTTAGCCATACCAAATATTCTTACAAAGCACGCTTTCGATGCGTTTTTGCCTTCTGAGAGAATCCTCCTACGGCTCGACCCTTGAAAAATT
chrIII	157502	7530	ATGTGGCGGAAGGGATCGGAATAAGAGTCGGGATCGGGATCGGGATATGGCTTTGCTTACTTTAGCCATACCAAATATTCTTACAAAGCACGCTTTCGATGCGTTTTTGCCTTCTGAGAGAATCCTCCTACGGCTCGACCCTTGAAAAAT
chrIII	157503	7530	TGTGGCGGAAGGGATCGGAATAAGAGTCGGGATCGGGATCGGGATATGGCTTTGCTTACTTTAGCCATACCAAATATTCTTACAAAGCACGCTTTCGATGCGTTTTTGCCTTCTGAGAGAATTTTCCTACGGCTCGACCCTTGAAAAATTC
chrIII	157504	70	GTGGCGGAAGGGATCGGAATAAGAGTCGGGATCGGGATCGGGATATGGCTTTGCTTACTTTAGCCATACCAAATATTCTTACAAAGCACGCTTTCGATGCGTTTTTGCCTTCTGAGAGAATCCTCCTACGGCTCGACCCTTGAAAAATT
chrIII	157505	70	TGGCGGAAGGGATCGGAATAAGAGTCGGGATCGGGATCTGGATATGGCTTTGCTTACTTTAGCCATACCAACTATTCTTACAAAGCACGCTTTCGATGCGTTTTTGCCTTCTGAGAGAATCCTCCTACGGCTCGACCCTTGAAAAATTCTA
chrIII	157505	2640	TGGCGGAAGGGCTCGGAATAAGAGTCGGGATCGGGATCGGGATATGGCTTTGCTTACTTTAGCCATACCAAATATTCTTACAAAGCACGCTTTCGATGCGTTTTTGCCTTCTGAGAGAATCCTCCTACGGCTCGACCCTTGAAAAATTCTA
chrIII	157506	1410	GGCGGAAGGGATCGGAATAAGAGTCGGGATCGGGATCGGGATATGGCTTTGCTTACTTTAGCCATACCAAATATTCTTACAAAGCACGCTTTCGATGCGTTTTTGCCTTCTGAGTGAATCCTCCTACGGCTCGACCCTTGAAAAATTCT
chrIII	157506	7530	GGCGGAAGGGATCGGAATAAGAGTCGGGATCGGGATCGGGATATGGCTTTGCTTACTTTAGCCATACCAAATATTCTTACAAAGCACGCTTTCGATGCGTTTTTGCCTTCTGAGAGAATTTTCCTACGGCTCGACCCTTGAAAAATTCTAG
chrIII	157507	10150	GCGGAAGGGATCGGAATAAGAGTCGGGATCGGGATCGGGATATGGCTTTGCTTACTTTAGCCATACCAAATATTCTTACAAAGCACGCTTTCGATGCGTTTTTGCCTTCTGAGAGAATCCTCCTACGGCTCGACCCTTGAAAAATTCT
chrIII	157507	5150	GCGGAAGGGATCGGAATAAGAGTCGGGATCGGGATCGGGATATGGCTTTGCTTACTTTAGCCATACCAAATATTCTTACAAAGCCCGCTTTCGATGCGTTTTTGCCTTCTGAGAGAATCCTCCTACGGCTCGACCCTTGAAAAATTCT
chrIII	157508	7530	CGGAAGGGATCGGAATACGAGTCCGGATCGGGACCGGGATATGGCGTGGCTTACTTGATCGATACCAAATATTCTGACAATGCCCGCATTCGACGCGTTTTGGCCTTCTGAGAGTATCCTCCAACGCCTCGACCCTTGAATTATTCTAGAG
chrIII	157515	10150	GATCGGAATAAGAGTCGGGATCGGGATCGGGATATGGCTTTGCTTACTTTAGCCATACCAAATATTCTTACAAAGCACGCTTTCGATGCGTTTTTGCCTTCTGAGAGAATCCTCCTACGGCTCGACCCTTGAAAAATTCTAGAGGATCTGG
chrIII	157517	70	TCGGAATAAGAGTCGGGATCGGGATCGGGATATGGCTTTGCTTACTTTAGCCATACCAAATATTCTTACAAAGCACGCTTTCGATGCGTTTTTGCCTTCTGAGAGAATCCTCCTACGGCTCGACCCTTGAAAAATTCTAGAGGATCTGGAA
chrIII	157517	7530	TCGGAATAAGAGTCGGGATCGGGATCGGGATATGGCTTTGCTTACTTTAGCCATACCAAATATTCTTACAAAGCACGCTTTCGATGCGTTTTTGCCTTCTGAGAGAATCCTCCTACGGCTCGACCCTTGAAAAATTCTAGAGGATCTGGAA
chrIII	157517	70	TCGGAATAAGAGTCGGGATCGGGATCGGGATATGGCTTTGCTTACTTTAGCCATACCAAATATTCTTACAAAGCACGCTTTCGATGCGTTTTTGCCTTCTGAGAGAATCCTCCTACGGCTCGACCCTTGAAAAATTCTAGAGGATCTGGAA
chrIII	157517	2640	TCGGAATAAGAGTCGGGATCGGGATCGGGATATGGCTTTGCTTACTTTAGCCATACCAAATATTCTTACAAAGCACGCTTTCGATGCGTTTTTGCCTTCTGAGAGAATCCTCCTACGGCTCGACCCTTGAAAAATTCTAGAGGATCTGGAA
chrIII	157517	2640	TCGGAATAAGAGTCGGGATCGGGATCGGGATATGGCTTTGCTTACTTTAGCCATACCAAATATTCTTACAAAGCACGCTTTCGATGCGTTTTTGCCTTCTGAGAGAATCCTCCTACGGCTCGACCCTTGAAAAATTCTAGAGGATCTGGAA
chrIII	157517	70	TCGGAATAAGAGTCGGGATCGGGATCGGGATATGGCTTTGCTTACTTTAGCCATACCAAATATTCTTACAAAGCACGCTTTCGATGCGTTTTTGCCTTCTGAGAGAATCCTCCTACGGCTCGACCCTTGAAAAATTCTAGAGGATCTGGAA
chrIII	157517	2640	TCGGAATAAGAGTCGGGATCGGGATCGGGATATGGCTTTGCTTACTTTAGCCATACCAAATATTCTTACAAAGCACGCTTTCGATGCGTTTTTGCCTTCTGAGAGAATCCTCCTACGGCTCGACCCTTGAAAAATTCTAGAGGATCTGGAA
chrIII	157520	7530	GAATAAGAGTCGGGATCGGGATCGGGATATGGCTTTGCTTACTTTAGCCATACCAAATATTCTTACAAAGCACGCTTTCGATGCGTTTTTGCCTTCTGAGAGAATTTTCCTACGGCTCGACCCTTGAAAAATTCTAGAGGATCTGGAAAAT
chrIII	157520	70	GAATAAGAGTCGGGATCGGGATCGGGATATGGCTTTGCTTACTTTAGCCATACCAAATATTCTTACAAAGCACGCTTTCGATGCGTTTTTGCCTTCTGAGAGAATCCTCCTACGGCTCGACCCTTGAAAAATTCTAGAGGATCTGGAAAAT
chrIII	157520	7530	GAATAAGAGTCGGGATCGGGATCGGGATATGGCTTTGCTTACTTTAGCCATACCAAATATTCTTACAAAGCACGCTTTCGATGCGTTTTTGCCTTCTGAGAGAATTTTCCTACGGCTCGACCCTTGAAAAATTCTAGAGGATCTGGAAAAT
chrIII	157520	5150	GAATAAGAGTCGGGATCGGGATCGGGATATGGCTTTGCTTACTTTAGCCATACCAAATATTCTTACAAAGCACGCTTTCGATGCGTTTTTGCCTTCTGAGAGAATCCTCCTACGGCTCGACCCTTGAAAAATTCTAGAGGATCTGGAAAAT
chrIII	157520	70	GAATAAGAGTCGGGATCGGGATCGGGATATGGCTTTGCTTACAATAGCCAAACAAAAAATTCTTACAAAGCACGCTTTCGATGCGTTATTGCCATCTGAGAGACTCATACTACGGCTCGACCCAAGAAAAATTCTAGAGGAACTGGAAAAT
chrIII	157520	70	GAATAAGAGTCGGGATCGGGATCGGGATATGGCTTTGCTTACTTTAGCCATACCAAATATTCTTACAAAGCACGCTTTCGATGCGTTTTTGCCTTCTGAGAGAATCCTCCTACGGCTCGACCCTTGAAAAATTCTAGAGGATCTGGAAAAT
chrIII	157520	7530	GAATAAGAGTCGGGATCGGGATCGGGATATGGCTTTGCTTACTTTAGCCATACCAAATATTCTTACAAAGCACGCTTTCGATGCGTTTTTGCCTTCTGAGAGAATCCTCCTACGGCTCGACCCTTGAAAAATTCTAGAGGATCTGGAAAAT
chrIII	157520	70	GAATAAGAGTCGGGATCGGGATCGGGATATGGCTTTGCTTACTTTAGCCATACCAAATATTCTTACAAAGCACGCTTTCGATGCGTTTTTGCCTTCTGAGAGAATCCTCCTACGGCTCGACCCTTGAAAAATTCTAGAGGATCTGGACAAT
chrIII	157520	7530	GAAAAAGAGTCGGGATCGGGATCGGGATATGGCTTTGCTTACTTTAGCCATACCAAATATTCTTACAAAGCACGCTTTCGATGCGTTTTTGCCTTCTGAGAGAATCCTCCTACGGCTCGACCCTTGAAAAATTCTAGAGGATCTGGAAAAT
chrIII	157520	7530	GAATAAGAGTCGGGATCGGGATCGGGATATGGCTTTGCTTACTTTAGCCATACCAAATATTCTTACAAAGCACGCTTTCGATGCGTTTTTGCCTTCTGAGAGAATCCTCCTACGGCTCGACCCTTGAAAAATTCTAGAGGATCTGGACAAT
chrIII	157520	7530	GAATAAGAGTCGGGATCGGGATCGGGATATGGCTTTGCTTACTTTAGCCATACCAAATATTCTTACAAAGCACGCTTTCGATGCGTTTTTGCCTTCTGAGAGAATCCTCCTACGGCTCGACCCTTGAAAAATTCTAGAGGATCTGGAAAAT
chrIII	157520	5150	GAATAAGAGTCGGGATCGGGATCGGGATATGGCTTTGCTTACTTTAGCCATACCAAATATTCTTACAAAGCACGCTTTCGATGCGTTTTTGCCTTCTGAGAGAATCCTCCTACGGCTCGACCCTTGAAAAATTCTAGAGGATCTGGAAAAT
chrIII	157520	5150	GAATAAGAGTCGGGATCGGGATCGGGATATGGCTTTGCTTACTTTAGCCATACCAAATATTCTTACAAAGCACGCTTTCGATGCGTTTTTGCCTTCTGAGAGAATCCTCCTACGGCTCGACCCTTGAAAAATTCTAGAGGATCTGGAAAAT
chrIII	157520	5150	GAATAAGAGTCGGGATCGGGATCGGGATATGGCTTTGCTTACTTTAGCCATACCAAATATTCTTACAAAGCACGCTTTCGATGCGTTTTTGCCTTCTGAGAGAATCCTCCTACGGCTCGACCCTTGAAAAATTCTAGAGGATCTGGAAAAT
chrIII	157520	2640	GAATAAGAGTCGGGATCGGGATCGGGATATGGCTTTGCTTACTTTAGCCATACCAAATATTCTTACAAAGCACGCTTTCGATGCGTTTTTGCCTTCTGAGAGAATCCTCCTACGGCTCGACCCTTGAAAAATTCTAGAGGATCTGGAAAAT
chrIII	157520	2640	GAATAAGAGTCGGGATCGGGATCGGGATATGGCTTTGCTTACTTTAGCCATACCAAATATTCTTACAAAGCACGCTTTCGATGCGTTTTTGCCTTCTGAGAGAATCCTCCTACGGCTCGACCCTTGAAAAATTCTAGAGGATCTGGAAAAT
chrIII	157520	1410	GAATAAGAGTCGGGATCGGGATCGGGATATGGCTTTGCTTACTTTAGCCATACCAAATATTCTTACAAAGCACGCTTTCGATGCGTTTTTGCCTTCTGAGAGAATCCTCCTACGGCTCGACCCTTGAAAAATTCTAGAGGATCTGGAA
chrIII	157520	1410	GAATAAGAGTCGGGATCGGGATCGGGATATGGCTTTGCTTACTTTAGCCATACCAAATATTCTTACAAAGCACGCTTTCGATGCGTTTTTGCCTTCTGAGAGAATCCTCCTACGGCTCGACCCTTGAAAAATTCTAGAGGATCTGGAA
chrIII	157520	1410	GAATAAGAGTCGGGATCGGGATCGGGATATGGCTTTGCTTACTTTAGCCATACCAAATATTCTTACAAAGCACGCTTTCGATGCGTTTTTGCCTTCTGAGAGAATCCTCCTACGGCTCGACCCTTGAAAAATTCTAGAGGATCTGGAAAAT
chrIII	157524	70	(CAA)AAGAGTCGGGATAGGGATCTGGATATGGCTGTGCTTACGTTAGACATACCAAATATTATTAATAAGAAATATGTCGATGCTTATGTGCCTTCTGAGAGTATCCTCCTACGGCTCGACCCATGCAAAATTCTAGAGGATCTGGTAAATG
chrIII	157525	10150	AGAGTCGGGATCGGGATCGGGATATGGCTTTGCTTACTTTAGCCATACCAAATATTCTTACAAAGCACGCTTTCGATGCGTTTTTGCCTTCTGAGAGAATCCTCCTACGGCTCGACCCTTGAAAAATTCTAGAGGATCTGGAAAATGGCC
chrIII	157526	2640	GAGTCGGGATCGGGATCGGGATATGGCTTTGCTTACTTTAGCCATACCAAATATTCTTACAAAGCACGCTTTCGATGCGTTTTTGCCTTCTGAGAGAATCCTCCTACGGCTCGACCCTTGAAAAATTCTAGAGGATCTGGAAAATGGCCAA
chrIII	157530	1410	CGGGATCGGGATCGGGATATGGCTTTGCTTACTTTAGCCATACCAAATATTCTTACAAAGCACGCTTTCGATGCGTTTTTGCCTTCTGAGAGAATCCTCCTACGGCTCGACCCTTGAAAAATTCTAGAGGATCTGGAAAATGGCCAACAAA
chrIII	157532	70	(GACTAATAGTAT)GGATCGGGCTCGGGATATGGCTTTGCTTACTTTAGCCTTAGCAAATATACATACAAAGCACGCATTCGATGCGTTTTTGACTTCAGAGAGAATACTCATACGGCTCGACCCTTGAAATATTCTATAGGATCTCGACAAT
chrIII	157532	70	GGATCGGGATCGGGATATGGCTTTGCTTACTTTAGCCATACCAAATATTCTTACAAAGCACGCTTTCGATGCGTTTTTGCCTTCTGAGAGAATCCTCCTACGGCTCGACCCTTGAAAAATTCTAGAGGATCTGGAAAATGGCCAACAAAAT
chrIII	157533	2640	GATCGGGATCGGGATATGGCTTTGCTTACTTTAGCCATACCAAATATTCTTACAAAGCACGCTTTCGATGCGTTTTTGCCTTCTGAGAGAATCCTCCTACGGCTCGACCCTTGAAAAATTCTAGAGGATCTGGAAAATGGCCAACAAAAT
chrIII	157533	2640	GATCGGGATCGGGATATGGCTTTGCTTACTTTAGCCATACCAAATATTCTTACAAAGCACGCTTTCGATGCGTTTTTGCCTTCTGAGAGAATCCTCCTACGGCTCGACCCTTGAAAAATTCTAGAGGATCTGGAAAATGGCCAACAAAAT
chrIII	157537	10150	GGGATCGGGATATGGCTTTGCTTACTTTAGCCATACCAAATATTCTTACAAAGCACGCTTTCGATGCGTTTTTGCCTTCTGAGAGAATCCTCCTACGGCTCGACCCTTGAAAAATTCTAGAGGATCTGGAAAATGGCCAACAAAATCGCGC
chrIII	157538	5150	GGATCGGGATATGGCTTTGCTTACTTTAGCCATACCAAATATTCTTACAAAGCACGCTTTCGATGCGTTTTTGCCTTCTGAGAGAATCCTCCTACGGCTCGACCCTTGAAAAATTCTAGAGGATCTGGAAAATGGCCAACAAAATCGCGC
chrIII	157538	7530	GGATCGGGATATGTCTTTGCTTACTTTAGCCATACCAATTATTCTTACAAACCACGCTTTCGATGCGTTTTTGCCTTCTGAGAGAATCCTCCTACGGCTCGACCGATGAAAAATTCTAGAGGATCTGGAAAATGGCCAACAAATTAGCGCA
chrIII	157538	2640	GGATCGGGATATGGCTTTGCTTACTTTAGCCATACCAAATATTCTTACAAAGCACGCTTTCGATGCGTTTTTGCCTTCTGAGAGAATCCTCCTACGGCTCGACCCTTGAAAAATTCTAGAGGATCTGGAAAATGGCCAACAAAATCGCGCA
chrIII	157542	70	CGGGATATGTCTTTGCTTACTTTAGCCATACCAAATATTCTTACAAAGCACGCTTTCGATGCGTTTTTGCCTTCTGAGAGAATCCTCCTACGGCTCGACCCTTGAAAAATTCTAGAGGATCTGGAAAATGGCCACCAAAATCGCGCAGGGA
chrIII	157544	10150	GGATATGGCTTTGCTTACTTTAGCCATACCAAATATTCTTACAAAGCACGCTTTCGATGCGTTTTTGCCTTCTGAGAGAATCCTCCTACGGCTCGACCCTTGAAAAATTCTAGAGGATCTGGAAAATGGCCAACAAAATCGCGCAGGGAGC
chrIII	157544	70	GGATATGGCTTTGCTTACTTTAGCCATACCAAATATTCTTACAAAGCACGCTTTCGATGCGTTTTTGCCTTCTGAGAGAATCCTCCTACGGCTCGACCCTTGAAAAATTCTAGAGGATCTGGAAAATGGCCAACAAAATCGCGCAGGGAGA
chrIII	157544	2640	GGATATGGCTTTGCTTACTTTAGCCATACCAAATATTCTTACAAAGCACGCTTTCGATGCGTTTTTGCCTTCTGAGAGAATCCTCCTACGGCTCGACCCTTGAAAAATTCTAGAGGATCTGGAAAATGGCCAACAAAATCGCGCAGGGAGA
chrIII	157544	70	GGATATGGCTTTGCTTACTTTAGCCATACCAAATATTCTTACAAAGCACGCTTTCGATGCGTTTTTGCCTTCTGAGAGAATCCTCCTACGGCTCGACCCTTGAAAAATTCTAGAGGATCTGGAAAATGGCCAACAAAATCGCGCAGGGAGA
chrIII	157544	70	GGATATGGCTTTGCTTACTTTAGCCATACCAAATATTCTTACAAAGCACGCTTTCGATGCGTTTTTGCCTTCTGAGAGAATCCTCCTACGGCTCGACCCTTGAAAAATTCTAGAGGATCTGGAAAATGGCCAACAAAATCGCGCAGGGAGA
chrIII	157544	2640	GGATATGGCTTTGCTTACTTTAGCCATACCAAATATTCTTACAAAGCACGCTTTCGATGCGTTTTTGCCTTCTGAGAGAATCCTCCTACGGCTCGACCCTTGAAAAATTCTAGAGGATCTGGAAAATGGCCAACAAAATCGCGCAGGGAGA
chrIII	157544	5150	GGATATGGCTTTGCTTACTTTAGCCATACCAAATATTCTTACAAAGCACGCTTTCGATGCGTTTTTGCCTTCTGAGAGAATCCTCCTACGGCTCGACCCTTGAAAAATTCTAGAGGATCTGGAAAATGGCCAACAAAATCGCGCAGGG
chrIII	157544	5150	GGATATGGCTTTGCTTACTTTAGCCATACCAAATATTCTTACAAAGCACGCTTTCGATGCGTTTTTGCCTTCTGAGAGAATCCTCCTACGGCTCGACCCTTGAAAAATTCTAGAGGATCTGGAAAATGGCCAACAAAATCGCGCAGGGAGC
chrIII	157544	70	GGATATGGCTTTGCTTACTTTAGCCATACCAAATATTCTTACAAAGCACGCTTTCGATGCGTTTTTGCCTTCTGAGAGAATCCTCCTACGGCTCGACCCTTGAAAAATTCTAGAGGATCTGGAAAATGGCCAACAAAATCGCGCAGGGAG
chrIII	157544	2640	GGATATGGCTTTGCTTACTTTAGCCATACCAAATATTCTTACAAAGCACGCTTTCGATGCGTTTTTGCCTTCTGAGAGAATCCTCCTACGGCTCGACCCTTGAAAAATTCTAGAGGATCTGGAAAATGGCCAACAAAATCGCGCAGGGAGA
chrIII	157546	2640	ATATGGCTTTGCTTACTTTAGCCATACCAAATATTCTTACAAAGCACGCTTTCGATGCGTTTTTGCCTTCTGAGAGAATCCTCCTACGGCTCGACCCTTGAAAAATTCTAGAGGATCTGGAAAATGGCCAACAAAATCGCGCAGGGAGACG
chrIII	157546	7530	ATATGGCTTTGCTTACTTTAGCCATACCAAATATTCTTACAAAGCACGCTTTCGATGCGTTTTTGCCTTCTGAGAGAATCCTCCTACGGCTCGACCCTTGAAAAATTCTAGAGGATCTGGAAAATGGCCAACAAAATCGCGCAGGGAGACG
chrIII	157547	2640	TATGGCTTTGCTTACTTTAGCCATACCAAATATTCTTACAAAGCACGCTTTCGATGCGTTTTTGCCTTCTGAGAGAATCCTCCTACGGCTCGACCCTTGAAAAATTCTAGAGGATCTGGAAAATGGCCAACAAAATCGCGCAGGGAGACGC
chrIII	157547	7530	TATGGCTTTGCTTACTTTAGCCATACCAAATATTCTTACAAAGCACGCTTTCGATGCGTTTTTGCCTTCTGAGAGAATCCTCCTACGGCTCGACCCTTGAAAAATTCTAGAGGATCTGGAAAATGGCCAACAAAATCGCGCAGGGAGACGC
chrIII	157547	70	TATGGCTTTGCTTACTTTAGCCATACCAAATATTCTTACAAAGCACGCTTTCGATGCGTTTTTGCCTTCTGAGAGAATCCTCCTACGGCTCGACCCTTGAAAAATTCTAGAGGATCTGGAAAATGGCCAACAAAATCGCGCAGGGAGACGC
chrIII	157547	2640	TATGGCTTTGCTTACTTTAGCCATACCAAATATTCTTACAAAGCACGCTTTCGATGCGTTTTTGCCTTCTGAGAGAATCCTCCTACGGCTCGACCCTTGAAAAATTCTAGAGGATCTGGAAAATGGCCAACAAAATCGCGCAGGGAGACGC
chrIII	157551	70	GCTTTGCTTACTTTAGCCATACCAAATATTCTTACAAAGCACGCTTTCGATGCGTTTTTGCCTTCTGAGAGAATCCTCCTACGGCTCGACCCTTGAAAAATTCTAGAGGATCTGGAAAATGGCCAACAAAATCGCGCAGGGAGACGCAAGG
chrIII	157551	1410	GCTTTGCTTACTTTAGCCATACCAAATATTCTTACAAAGCACGCTTTCGATGCGTTTTTGCCTTCTGAGAGAATCCTCCTACGGCTCGACCCTTGAAAAATTCTAGAGGATCTGGAAAATGGCCAACAAAATCGCGCAGGGAGACGCAAGG
chrIII	157552	2640	CTTTGCTTACTTTAGCCATACCAAATATTCTTACAAAGCACGCTTTCGATGCGTTTTTGCCTTCTGAGAGAATCCTCCTACGGCTCGACCCTTGAAAAATTCTAGAGGATCTGGAAAATGGCCAACAAAATCGCGCAGGGAGACGCAAGGA
chrIII	157552	70	CTTTGCTTACTTTAGCCATACCAAATATTCTTACAAAGCACGCTTTCGATGCGTTTTTGCCTTCTGAGAGAATCCTCCTACGGCTCGACCCTTGAAAAATTCTAGAGGATCTGGAAAATGGCCAACAAAATCGCGCAGGGAGACGCAAGGA
chrIII	157553	2640	TTTGCTTACTTTAGCCATACCAAATATTCTTACAAAGCACGCTTTCGATGCGTTTTTGCCTTCTGAGAGAATCCTCCTACGGCTCGACCCTTGAAAAATTCTAGAGGATCTGGAAAATGGCCAACAAAATCGCGCAGGGAGACGCAAGGAA
chrIII	157553	7530	TTTGCTTACTTTAGCCATACCAAATATTCTTACAAAGCACGCTTTCGATGCGTTTTTGCCTTCTGAGAGAATCCTCCTACGGCTCGACCCTTGAAAAATTCTAGAGGATCTGGAAAATGGCCAACAAAATCGCGCAGGGAGACGCAAGGAA
chrIII	157554	1410	TTGCTTACTTTAGCCATACCAAATATTCTTACAAAGCACGCTTTCGATGCGTTTTTGCCTTCTGAGAGAATCCTCCTACGGCTCGACCCTTGAAAAATTCTAGAGGATCTGGAAAATGGACAACAAAATCGCGCAGGGAGACGCAAGGAA
chrIII	157554	5150	TTGCTTACTTTAGCCATACCAAATATTCTTACAAAGCACGCTTTCGATGCGTTTTTGCCTTCTGAGAGAATCCTCCTACGGCTCGACCCTTGAAAAATTCTAGAGGATCTGGAAAATGGCCAACAAAATCGCGCAGGGAGACGCAAGGAA
chrIII	157555	70	TGCTTACTTTAGCCATACCAAATATTCTTACAAAGCACGCTTTCGATGCGTTTTTGCCTTCTGAGAGAATCCTCCTACGGCTCGACCCTTGAAAAATTCTAGAGGATCTGGAAAATGGCCAACAAAATCGCGCAGGGAGACGCAAGGAAAG
chrIII	157555	70	TGCTTACTTTAGCCATACCAAATATTCTTACAAAGCACGCTTTCGATGCGTTTTTGCCTTCTGAGAGAATCCTCCTACGGCTCGACCCTTGAAAAATTCTAGAGGATCTGGAAAATGGCCAACAAAATCGCGCAGGGAGACGCAAGGAAAG
chrIII	157555	70	TGCTTACTTTAGCCATACCAAATATTCTTACAAAGCACGCTTTCGATGCGTTTTTGCCTTCTGAGAGAATCCTCCTACGGCTCGACCCTTGAAAAATTCTAGAGGATCTGGAAAATGGCCAACAAAATCGCGCAGGGAGACGCAAGGAAAG
chrIII	157556	7530	GCTTACTTTAGCCATACCAAATATTCTTACAAAGCACGCTTTCGATGCGTTTTTGCCTTCTGAGAGAATCCTCCTACGGCTCGACCCTTGAAAAATTCTAGAGGATCTGGAAAATGGCCAACAAAATCGCGCAGGGAGACGCAAGGAAAGT
chrIII	157556	1410	GCTTACTTTAGCCATACCAAATATTCTTACAAAGCACGCTTTCGATGCGTTTTTGCCTTCTGAGAGAATCCTCCTACGGCTCGACCCTTGAAAAATTCTAGAGGATCTGGAAAATGGCCAACAAAATCGCGCAGGGAGACGCAAGGAAAG
chrIII	157557	70	CTTACTTTAGCCATACCAAATATTCTTACAAAGCACGCTTTCGATGCGTTTTTGCCTTCTGAGAGAATCCTCCTACGGCTCGACCCTTGAAAAATTCTAGAGGATCTGGAAAATGGCCAACAAAATCGCGCAGGGAGACGCAAGGAAAGTA
chrIII	157559	7530	TACTTTAGCCATACCAAATATTCTTACAAAGCACGCTTTCGATGCGTTTTTGCCTTCTGAGAGAATTTTCCTACGGCTCGACCCTTGAAAAATTCTAGAGGATCTGGAAAATGGCCAACAAAATCGCGCAGGGAGACGCAAGGAAAGTAAG
chrIII	157559	7530	TACTTTAGCCATACCAAATATTCTTACAAAGCACGCTTTCGATGCGTTTTTGCCTTCTGAGAGAATCCTCCTACGGCTCGACCCTTGAAAAATTCTAGAGGATCTGGAAAATGGCCAACAAAATCGCGCAGGGAGACGCAAGGAAAGTAAG
chrIII	157559	10150	TACTTTAGCCATACCAAATATTCTTACAAAGCACGCTTTCGATGCGTTTTTGCCTTCTGAGAGAATCCTCCTACGGCTCGACCCTTGAAAAATTCTAGAGGATCTGGAAAATGGCCAACAAAATCGCGCAGGGAGACGCAAGGAAAGTA
chrIII	157559	1410	TACTTTAGCCATACCAAATATTCTTACAAAGCACGCTTTCGATGCGTTTTTGCCTTCTGAGAGAATCCTCCTACGGCTCGACCCTTGAAAAATTCTAGAGGATCTGGAAAATGGCCAACAAAATCGCGCAGGGAGACGCAAGGAAAGTA
chrIII	157559	10150	TACTTTAGCCATACCAAATATTCTTACAAAGCACGCTTTCGATGCGTTTTTGCCTTCTGAGAGAATCCTCCTACGGCTCGACCCTTGAAAAATTCTAGAGGATCTGGAAAATGGCCAACAAAATCGCGCAGGGAGACGCAAGGAAAGTA
chrIII	157560	70	ACTTTAGCCATACCAAATATTCTTACACAGCACGCTTTCGATGCGTTTTTGCCTTCTGAGAGAATCCTCCTACGGCTCGACCCTTGAAAAATTCTAG
chrIII	157560	70	ACTTTAGCCATACCAAATATTCTTACAAAGCACGCTTTCGATGCGTTTTTGCCTTCTGAGAGAATCCTCCTACGGCTCGACCCTTGAAAAATTCTAGAGGATCTGGAAAATGGCCAACAAAATCGCGCAGGGAGACGCAAGGAAAGTAAGT
chrIII	157560	5150	ACTTTAGCCATACCAAATATTCTTACAAAGCACGCTTTCGATGCGTTTTTGCCTTCTGAGAGAATCCTCCTACGGCTCGACCCTTGAAAAATTCTAGAGGATCTGGAAAATGGCCAACAAAATCGCGCAGGGAGACGCAAGGAAAGTAAGT
chrIII	157560	2640	ACATTAGCCATACCAAATATTCTTACAAAGCACGCTTTCGATGCGTTTTTGCCTTCTGAGAGAATCCTCCTACGGCTCGACCCTTGAAAAATTCTATAGGATCTGGAAAATGGCCAACAAAATCGCGCAGTGAGACGCAAGGAAAGTAAGT
chrIII	157560	70	ACTTTAGCCATACCAAATATTCTTACAAAGCACGCTTTCGATGCGTTTTTGCCTTCTGAGAGAATCCTCCTACGGCTCGACCCTTGAAAAATTCTAGAGGATCTGGAAAATGGCCAACAAAATCGCGCAGGGAGACGCAAGGAAAGTAAGT
chrIII	157560	70	ACTTTAGCCATACCAAATATTCTTACAAAGCACGCTTTCGATGCGTTTTTGCCTTCTGAGAGAATCCTCCTACGGCTCGACCCTTGAAAAATTCTAG
chrIII	157560	10150	ACTTTAGCCATACCAAATATTCTTACAAAGCACGCTTTCGATGCGTTTTTGCCTTCTGAGAGAATCCTCCTACGGCTCGACCCTTGAAAAATTCTAGAGGATCTGGAAAATGGCCAACAAAATCGCGCAGGGAGACGCAAGGAAAGTAACT
chrIII	157560	2640	ACTTTAGCCATACCAAATATTCTTACAAAGCACGCTTTCGATGCGTTTTTGCCTTCTGAGAGAATCCTCCTACGGCTCGACCCTTGAAAAATTCTAGAGGATCTGGAAAATGGCCAACAAAATCGCGCAGGGAGACGCAAGGAAAGTAAGT
chrIII	157560	1410	ACTTTAGCCATACCAAATATTCTTACAAAGCACGCTTTCGATGCGTTTTTGCCTTCTGAGAGAATCCTCCTACGGCTCGACCCTTGAAAAATTCTAGAGGATCTGGAAAATGGCCAACAAAATCGCGCAGGGAGACGCAAGGAAAGTAAGT
chrIII	157560	70	(TATTCGTAGATTGCTTGAGGATGTCGCGGTAGGGATCGGAACTTTAGTAGTGATCGGCATCGTGAGCTGGCTTTTCGG)ACTTTAGCCATACCATATATTCTTACTTATCACGCTTTCGATGCGTTTTTGCCTTCTGAGAGAATCCTCCTA
chrIII	157560	70	ACTTTAGCCATACCAAATATTCTTACAAAGCACGCTTTCGATGCGTTTTTGCCTTCTGAGAGAATCCTCCTACGGCTCGACCCTTGAAAAATTCTAGAGGATCTGGAAAATGGCCAACAAAATCGCGCAGGGAGACGCAAGGAAAGTAAGT
chrIII	157560	7530	ACTTTAGCCATACCAAATATTCTTACAAAGCACGCTTTCGATGCGTTTTTGCCTTCTGAGAGAATTTTCCTACGGCTCGACCCTTGAAAAATTCTAGAGGATCTGGAACATGGCCAACAAAATCGCGCAGGGAGACGCAAGGAAAGTAAGT
chrIII	157560	7530	ACTTTAGCCATACCAAATATTCTTACAAAGCACGCTTTCGATGCGTTTTTGCCTTCTGAGAGAATCCTCCTACGGCTCGACCCTTGAAAAATTCTAGAGGATCTGGAAAATGGCCAACAAAATCGCGCAGGGAGACGCAAGGAAAGTAAGT
chrIII	157560	70	ACTTTAGCCATACCAAATATTCTTACAAAGCACGCTTTCGATGCGTTTTTGCCTTCTGAGAGAATCCTCCTACGGCTCGACCCTTGAAAAATTCTAGAGGATCTGGAAAATGGCCAACAAAATCGCGCAGGGAGACGCAAGGAAAGTAAGT
chrIII	157560	10150	ACTTTAGCCATACCAAATATTCTTACAAAGCACGCTTTCGATGCGTTTTTGCCTTCTGAGAGAATCCTCCTACGGCTCGACCCTTGAAAAATTCTAGAGGATCTGGAAAATGGCCAACAAAATCGCGCAGGGAGACGCAAGGAAAGTAAGT
chrIII	157561	2640	CTTTAGCCATACCAAATATTCTTACAAAGCACGCTTTCGATGCGTTTTTGCCTTCTGAGAGAATCCTCCTACGGCTCGACCCTTGAAAAATTCTAGAGGATCTGGAAAATGGCCAACAAAATCGCGCAGGGAGACGCAAGGAAAGTAAGT
chrIII	157561	7530	CTTTAGCCATACCAAATATTCTTACAAAGCACGCTTTCGATGCGTTTTTGCCTTCTGAGAGAATTTTCCTACGGCTCGACCCTTGAAAAATTCTAGAGGATCTGGAAAATGGCCAACAAAATCGCGCAGGGAGACGCAAGGAAAGTAAGT
chrIII	157561	70	CTTTAGCCATACCAAATATTCTTACAAAGCACGCTTTCGATGCGTTTTTGCCTTCTGAGAGAATCCTCCTACGGCTCGACCCTTGAAAAATTCTAGAGGATCTGGAAAATGGCCAACAAAATCGCGCAGGGAGACGCAAGGAAAGTAAGT
chrIII	157561	2640	CTTTAGCCATACCAAATATTCTTACAAAGCACGCTTTCGATGCGTTTTTGCCTTCTGAGAGAATCCTCCTACGGCTCGACCCTTGAAAAATTCTAGAGGATCTGGAAAATGGCCAACAAAATCGCGCAGGGAGACGCAAGGAAAGTAAGTC
chrIII	157566	10150	GCCATACCAAATATTCTTACAAAGCACGCTTTCGATGCGTTTTTGCCTTCTGAGAGAATCCTCCTACGGCTCGACCCTTGAAAAATTCTAGAGGATCTGGAAAATGGCCAACAAAATCGCGCAGGGAGACGCAAGGAAAGTAAGTCAGATG
chrIII	157567	2640	CCATACCAAATAATCTTACCAAGCACGCTTTCGATGCGTTTGTGCCGTCTGAGAGAATCCTCCTACGGCTCGACCCTTGAAAAATTCGAGAGGCTCTGGAAAATGGCCAACAAAATCGGGCAGGGAGACGCAAGGAAAGTAAGTCAGA
chrIII	157567	2640	CAATACCAAAGATTCTTACAAAGCTCGCTTTCGATGCGTTTTTGCCTTCTGAGAGAATCCTCCTACGGCTCGACCCTTGAAAAATTCTAGAGGATCTTGAAAATGGCCAACAAAATCGCGCAGTGAGACGCAAGGAAAGTAAGTCAGATGG
chrIII	157567	7530	CCATACCAAATATTCTTACAAAGCACGCTTTCGATGCGTTTTTGCCTTCTGAGAGAATTTTCCTACGGCTCGACCCTTGAAAAATTCTAGAGGATCTGGAAAATGGCCAACAAAATCGCGCAGGGAGACGCAAGGAAAGTAAGTCAGATGG
chrIII	157567	70	CCATACCAAATATTCTTACAAAGCACGCTTTCGATGCGATTTTGCCTTCTGAGAGAATGCTCCTACGGCTCGACCCTTGAAAAATTCTAGAGGATCTGGAAAATGGCCAACAAAATCGCGCAGGGAGACGCAAGGAATGTAAGTCAGATGG
chrIII	157567	7530	CCATACCAAATATTCTTACAAAGCACGCTTTCGATGCGTTTTTGCCTTCTGAGAGAATCCTCCTACGGCTCGACCCTTGAAAAATTCTAGAGGATCTGGAAAATGGCCAACAAAATCGCGCAGGGAGACGCAAGGAAAGTAAGTCAGATG
chrIII	157567	7530	CCATACCAAATATTCTTACACAGCCCGCTTTCGATGCGTTTTTGCCTTCTGAGAGAATCCTCCTACGGCTCGACCCTTGAAAAATTCTAGAGGATCTGGAAAATGGCCAACAAAATCGCGCAGGGAGACGCAAGGAAAGTAAGTCAGATGG
chrIII	157569	70	ATACCAAATATTCTTACAAAGCACGCTTTCGATGCGTTTTTGCCTTCTGAGAGAATCCTCCTACGGCTCGACCCTTGAAAAATTCTAGAGGATCTGGAAAATGGCCAACAAAATCGCGCAGGGAGACGCAAGGAAAGTAAGTCAGATGGAT
chrIII	157570	2640	TACCAAATATTCTTACAAAGCACGCTTTCGATGCGTTTTTGCCTTCTGAGAGAATCCTCCTACGGCTCGACCCTTGAAAAATTCTAGAGGATCTGGAAAATGGCCAACAAAATCGCGCAGGGAGACGCAAGGAAAGTAAGTCAGATGGAT
chrIII	157570	70	TACCAAATATTCTTACAAAGCACGCTTTCGATGCGTTTTTGCCTTCTGAGAGAATCCTCCTACGGCTCGACCCTTGAAAAATTCTAGAGGATCTGGAAAATGGCCAACAAAATCGCGCAGGGAGACGCAAGGAAAGTAAGTCAGATGGAT
chrIII	157570	2640	TACCAAATATTCTTACAAAGCACGCTTTCGATGCGTTTTTGCCTTCTGAGAGAATCCTCCTACGGCTCGACCCTTGAAAAATTCTAGAGGATCTGGAAAATGGCCAACAAAATCGCGCAGGGAGACGCAAGGAAAGTAAGTCAGATGGTT
chrIII	157571	2640	ACCAAATATTCTTACAAAGCACGCTTTCGATGCGTTTTTGCCTTCTGAGAGAATCCTCCTACGGCTCGACCCTTGAAAAATTCTAGAGGATCTGGAAAATGGCCAACAAAATCGCGCAGGGAGACGCAAGGAAAGTAAGTCAGATGGATC
chrIII	157571	10150	ACCAAATATTCTTACAAAGCACGCTTTCGATGCGTTTTTGCCTTCTGAGAGAATCCTCCTACGGCTCGACCCTTGAAAAATTCTAGAGGATCTGGAAAATGGCCAACAAAATCGCGCAGGGAGACGCAAGGAAAGTAAGTCAGATGGATC
chrIII	157571	7530	ACCAAATATTCTTACAAAGCACGCTTTCGATGCGTTTTTGCCTTCTGAGAGAATCCTCCTACGGCTCGACCCTTGAAAAATTCTAGAGGATCTGGAAAATGGCCAACAAAATCGCGCAGGGAGACGCAAGGAAAGTAAGTCAGATGGATC
chrIII	157571	5150	ACCAAATATTCTTACAAAGCACGCTTTCGATGCGTTTTTGCCTTCTGAGAGAATCCTCCTACGGCTCGACCCTTGAAAAATTCTAGAGGATCTGGAAAATGGCCAACAAAATCGCGCAGGGAGACGCAAGGAAAGTAAGTCAGATGGATCC
chrIII	157571	10150	ACCAAATATTCTTACAAAGCACGCTTTCGATGCGTTTTTGCCTTCTGAGAGAATCCTCCTACGGCTCGACCCTTGAAAAATTCTAGAGGATCTGGAAAATGGCCAACAAAATCGCGCAGGGAGACGCAAGGAAAGTAAGTCAGATGGATC
chrIII	157571	7530	ACCAAATATTCTTACAAAGCACGCTTTCGATGCGTTTTTGCCTTCTGAGAGAATCCTCCTACGGCTCGACCCTTGAAAAATTCTAGAGGATCTGGAAAATGGCCAACAAAATCGCGCAGGGAGACGCAAGGAAAGTAAGTCAGATGGATC
chrIII	157571	5150	ACCAAATATTCTTACAAAGCACGCTTTCGATGCGTTTTTGCCTTCTGAGAGAATCCTCCTACGGCTCGACCCTTGAAAAATTCTAGAGGATCTGGAAAATGGCCAACAAAATCGCGCAGGGAGACGCAAGGAAAGTAAGTCAGATGGATC
chrIII	157571	70	ACCAAATATTCTTACAAAGCACGCTTTCGATGCGTTTTTGCCTTCTGAGAGAATCCTCCTACGGCTCGACCCTTGAAAAATTCTAGAGGATCTGGAAAATGGCCCACAAAATCGCGCAGGGAGACGCAAGGAAAGTAAGTCAGATGGATC
chrIII	157571	7530	ACCAAATATTCTTACAAAGCACGCTTTCGATGCGTTTTTGCCTTCTGAGAGAATTTTCCTACGGCTCGACCCTTGAAAAATTCTAGAGGATCTGGAAAATGGCCAACAAAATCGCGCAGGGAGACGCAAGGAAAGTAAGTCAGATGGATC
chrIII	157572	2640	CCAAATATTCTTACAAAGCACGCTTTCGATGCGTTTTTGCCTTCTGAGAGAATCCTCCTACGGCTCGACCCTTGAAAAATTCTAGAGGATCTGGAAAATGGCCAACAAAATCGCGCAGGGAGACGCAAGGAAAGTAAGTCAGATGGATCCG
chrIII	157572	7530	CCAAATATTCTTACAAAGCACGCTTTCGATGCGTTTTTGCCTTCTGAGAGAATTTTCCTACGGCTCGACCCTTGAAAAATTCTAGAGGATCTGGAAAATGGCCAACAAAATCGCGCAGGGAGACGCAAGGAAAGTAAGTCAGATGGATCCG
chrIII	157572	7530	CCAAATATTCTTACAAAGCACGCTTTCGATGCGTTTTTGCCTTCTGAGAGAATCCTCCTACGGCTCGACCCTTGAAAAATTCTAGAGGATCTGGAAAATGGCCAACAAAATCGCGCAGGGAGACGCAAGGAAAGTAAGTCAGATGGATCCG
chrIII	157572	5150	CCAAATATTCTTACAAAGCACGCTTTCGATGCGTTTTTGCCTTCTGAGAGAATCCTCCTACGGCTCGACCCTTGAAAAATTCTAGAGGATCTGGAAAATGGCCAACAAAATCGCGCAGGGAGACGCAAGGAAAGTAAGTCAGATGGATCCG
chrIII	157572	70	CCAAATATTCTTACAAAGCACGCTTTCGATGCGTTTTTGCCTTCTGAGAGAATCCTCCTACGGCTCGACCCTTGAAAAATTCTAGAGGATCTGGAAAATGGCCAACAAAATCGCGCAGGGAGACGCAAGGAAAGTAAGTCAGATGGATCCG
chrIII	157572	2640	CCAAATATTCTTACAAAGCACGCTTTCGATGCGTTTTTGCCTTCTGAGAGAATCCTCCTACGGCTCGACCCTTGAAAAATTCTAGAGGATCTGGAAAATGGCCAACAAAATCGCGCAGGGAGACGCAAGGAAAGTAAGTCAGATGGATCCG
chrIII	157573	2640	CAAATATTCTTACAAAGCACGCTTTCGATGCGTTTTTGCCTTCTGAGAGAATCCTCCTACGGCTCGACCCTTGAAAAATTCTAGAGGATCTGGAAAATGGCCAACAAAATCGCGCAGGGAGACGCAAGGAAAGTAAGTCAGATGGATCCGA
chrIII	157573	2640	CAAATATTCTTACAAAGCACGCTTTCGATGCGTTTTTGCCTTCTGAGAGAATCCTCCTACGGCTCGACCCTTGAAAAATTCTAGAGGATCTGGAAAATGGCCAACAAAATCGCGCAGGGAGACGCAAGGAAAGTAAGTCAGATGGATCCGA
chrIII	157573	2640	CAAATATTCTTACAAAGCACGCTTTCGATGCGTTTTTGCCTTCTGAGAGAATCCTCCTACGGCTCGACCCTTGAAAAATTCTAGAGGATCTGGAAAATGGCCAACAAAATCGCGCAGGGAGACGCAAGGAAAGTAAGTCAGATGGATCCGA
chrIII	157573	2640	CAAATATTCTTACAAAGCACGCTTTCGATGCGTTTTTGCCTTCTGAGAGAATCCTCCTACGGCTCGACCCTTGAAAAATTCTAGAGGATCTGGAACATGGCCAACAAAATCGCGCAGGGAGACGCAAGGAAAGTAAGTCAGATGGATCCGA
chrIII	157574	5150	AAATATTCTTACAAAGCACGCTTTCGATGCGTTTTTGCCTTCTGAGAGAATCCTCCTACGGCTCGACCCTTGAAAAATTCTAGAGGATCTGGAAAATGGCCAACAAAATCGCGCAGGGAGACGCAAGGAAAGTAAGTCAGATGGATCCGAC
chrIII	157574	2640	AAATATTCTTACAAAGCACGCTTTCGATGCGTTTTTGCCTTCTGAGAGAATCCTCCTACGGCTCGACCCTTGAAAAATTCTAGAGGATCTGGAAAATGGCCAACAAAATCGCGCAGGGAGACGCAAGGAAAGTAAGTCAGATGGATCCGAC
chrIII	157574	5150	AAATATTCTTACAAAGCACGCTTTCGATGCGTTTTTGCCTTCTGAGAGAATCCTCCTACGGCTCGACCCTTGAAAAATTCTAGAGGATCTGGAAAATGGCCAACAAAATCGCGCAGGGAGACGCAAGGAAAGTAAGTCAGATGGATCCGAC
chrIII	157575	2640	AATATTCTTACAAAGCACGCTTTCGATGCGTTTTTGCCTTCTGAGAGAATCCTCCTACGGCTCGACCCTTGAAAAATTCTAGAGGATCTGGAAAATGGCCAACAAAATCGCGCAGGGAGACGCAAGGAAAGTAAGTCAGATGGATCCGACT
chrIII	157576	5150	ATATTCTTACAAAGCACGCTTTCGATGCGTTTTTGCCTTCTGAGAGAATCCTCCTACGGCTCGACCCTTGAAAAATTCTAGAGGATCTGGAAAATGGCCAACAAAATCGCGCAGGGAGACGCAAGGAAAGTAAGTCAGATGGATCCGACTG
chrIII	157576	10150	ATATTCTTACAAAGCACGCTTTCGATGCGTTTTTGCCTTCTGAGAGAATCCTCCTACGGCTCGACCCTTGAAAAATTCTAGAGGATCTGGAAAATGGCCAACAAAATCGCGCAGGGAGACGCAAGGAAAGTAAGTCCTATGGATCCGACTG
chrIII	157576	10150	ATATTCTTACAAAGCACGCTTTCGATGCGTTTTTGCCTTCTGAGAGAATCCTCCTACGGCTCGCCCCTTGAAAAATTCTAGAGGATCTGGAAAATGGCCAACAAAATCGCGCAGGGAGACGCAAGGAAAGTAAGTCATATGGATCCGACTG
chrIII	157576	5150	ATATTCTTACAAAGCACGCTTTCGATGCGTTTTTGCCTTCTGAGAGAATCCTCCTACGGCTCGACCCTTGAAAAATTCTAGAGGATCTGGAAAATGGCCAACAAAATCGCGCAGGGAGACGCAAGGAAAGTAAGTCAGATGGATCCGACTG
chrIII	157579	70	ATCTTACAAAGCACGCTTTCGATGCGTTTTTGCCTTCTGAGAGAATCCTCCTACGGCTCGACCCTTGAAAAATTCTAGAGGATCTGGAAAATGGCCAACAAAATCGCGCAGGGAGACGCAAGGAAAGTAAGTCAGATGGATCCGACTGTAT
chrIII	157579	70	TTCTTACAAAGCACGCTTTCGATGCGTTTTTGCCTTCTGAGAGAATCCTCCTACGGCTCGACCCTTGAAAAATTCTAGAGGATCTGGAAAATGGCCAACAAAATCGCGCAGGGAGACGCAAGGAAAGTAAGTCAGATGGATCCGACTGTAT
chrIII	157579	1410	TTCTTACAAAGCACGCTTTCGATGCGTTTTTGCCTTCTGAGAGAATCCTCCTACGGCTCGACCCTTGAAAAATTCTAGAGGATCTGGAAAATGGCCAACAAAATCGCGCAGGGAGACGCAAGGAAAGTAAGTCAGATGGATCCGACTGTAT
chrIII	157579	7530	TTCTTACAAAGCACGCTTTCGATGCGTTTTTGCCTTCTGAGAGAATTTTCCTACGGCTCGACCCTTGAAAAATTCTAGAGGATCTGGAAAATGGCCAACAAAATCGCGCAGGGAGACGCAAGGAAAGTAAGTCAGATGGATCCGACTGTAT
chrIII	157579	2640	TTCTTACAAAGCACGCTTTCGATGCGTTTTTGCCTTCTGAGAGAATCCTCCTACGGCTCGACCCTTGAAAAATTCTAGAGGATCTGGAAAATGGCCAACAAAATCGCGCAGGGAGACGCAAGGAAAGTAAGTCAGATGGATCCGACTGTAT
chrIII	157579	70	TTCTTACAAAGCACGCTTTCGATGCGTTTTTGCCTTCTGAGAGAATCCTCCTACGGCTCGACCCTTGAAAAATTCTAGAGGATCTGGAAAATGGCCAACAAAATCGCGCAGGGAGACGCAAGGAAAGTAAGTCAGATGGATCCGACTGTAT
chrIII	157579	70	TTCTTACAAAGCACGCTTTCGATGCGTTTTTGCCTTCTGAGAGAATCCTCCTACGGCTCGACCCTTGAAAAATTCTAGAGGATCTGGAAAATGGCCAACAAAATCGCGCAGGGAGACGCAAGGAAAGTAAGTCAGATGGATCCGACTGTAT
chrIII	157580	2640	TCTTACAAAGCACGCTTTCGATGCGTTTTTGCCTTCTGAGAGAATCCTCCTACGGCTCGACCCTTGAAAAATTCTAGAGGATCTGGAAAATGGCCAACAAAATCGCGCAGGGAGACGCAAGGAAAGTAAGTCAGATGGATCCGACTGTATG
chrIII	157580	7530	TCTTACAAAGCACGCTTTCGATGCGTTTTTGCCTTCTGAGAGAATCCTCCTACGGCTCGACCCTTGAAAAATTCTAGAGGATCTGGAAAATGGCCAACAAAATCGCGCAGGGAGACGCAAGGAAAGTAAGTCAGATGGATCCGACTGTATG
chrIII	157580	70	TCTTACAAAGCACGCTTTCGATGCGTTTTTGCCTTCTGAGAGAATCCTCCTACGGCTCGACCCTTGAAAAATTCTAGAGGATCTGGAAAATGGCCAACAAAATCGCGCAGGGAGACGCAAGGAAAGTAAGTCAGATGGATCCGACTGTATG
chrIII	157581	70	CTTACAAAGCACGCTTTCGATGCGTTTTTGCCTTCTGAGAGAATCCTCCTACGGCTCGACCCTTGAAAAATTCTAGAGGATCTGGAAAATGGCCAACAAAATCGCGCAGGGAGACGCAAGGAAAGTAAGTCAGATGGATCCGACTGTATGT
chrIII	157581	2640	CTTACAAAGCACGCTTTCGATGCGTTTTTGCCTTCTGAGAGAATCCTCCTACGGCTCGACCCTTGACAAATTCTAGAGGATCTGGAAAATGGCCCACAAAATCGCGCAGGGAGACGCAAGGACAGTAAGTCAGATGGATCCGACTGTATGT
chrIII	157581	70	CTTACTAAGAACGCTTTCGATGCGTTTTTGCCTTCTGAGAGAATCCTCCTACGGCTCGACCCTTGAAAAATTCTAGAGGATCTGGAAAATGGCCAACTTAATCGCGCAGGGAGACGCAAGGAAAGTAAGTCTGATGGATCCGACTGTATGT
chrIII	157582	2640	TTACAAAGCACGCTTTCGATGCGTTTTTGCCTTCTGAGAGAATCCTCCTACGGCTCGACCCTTGAAAAATTCTAGAGGATCTGGAAAATGGCCAACAAAATCGCGCAGGGAGACGCAAGGAAAGTAAGTCAGATGGATCCGACTGTATGTA
chrIII	157582	2640	TTACAAAGCACGCTTTCGATGCGTTTTTGCCTTCTGAGAGAATCCTCCTACGGCTCGACCCTTGAAAAATTCTAGAGGATCTGGAAAATGGCCAACAAAATCGCGCAGGGAGACGCAAGGAAAGTAAGTCAGATGGATCCGACTGTATGTA
chrIII	157582	7530	TTACAAAGCACGCTTTCGATGCGTTTTTGCCTTCTGAGAGAATCCTCCTACGGCTCGACCCTTGAAAAATTCTAGAGGATCTGGAAAATGGCCAACAAAATCGCGCAGGGAGACGCAAGGAAAGTAAGTCAGATGGATCCGACTGTATGTA
chrIII	157584	7530	ACAAAGCACGCTTTCGATGCGTTTTTGCCTTCTGAGAGAATTTTCCTACGGCTCGACCCTTGAAAAATTCTAGAGGATCTGGAAAATGGCCAACAAAATCGCGCAGGGAGACGCAAGGAAAGTAAGTCAGATGGATCCGACTGTATGTAAC
chrIII	157584	70	ACAAAGCACGCTTTCGATGCGTTTTTGCCTTCTGAGAGAATCCTCCTACGGCTCGACCCTTGAAAAATTCTAGAGGATCTGGAAAATGGCCAACAAAATCGCGCAGGGAGACGCAAGGAAAGTAAGTCAGATGGATCCGACTGTATGTAAC
chrIII	157584	70	ACAAAGCACGCTTTCGATGCGTTTTTGCCTTCTGAGAGAATCCTCCTACGGCTCGACCCTTGAAAAATTCTAGAGGATCTGGAAAATGGCCAACAAAATCGCGCAGGGAGACGCAAGGAAAGTAAGTCAGATGGATCCGACTGTATGTAAC
chrIII	157584	10150	ACAAAGCACGCTTTCGATGCGTTTTTGCCTTCTGAGAGAATCCTCCTACGGCTCGACCCTTGAAAAATTCTAGAGGATCTGGAAAATGGCCAACAAAATCGCGCAGGGAGACGCAAGGAAAGTAAGTCAGATGGATCCGACTGTATGTAAC
chrIII	157584	70	ACAAAGCACGCTTTCGATGCGTTTTTGCCTTCTGAGAGAATCCTCCTACGGCTCGACCCTTGAAAAATTCTAGAGGATCTGGAAAATGGCCAACAAAATCGCGCAGGGAGACGCAAGGAAAGTAAGTCAGATGGATCCGACTGTATGTAAC
chrIII	157584	7530	ACAAAGCACGCTTTCGATGCGTTTTTGCCTTCTGAGAGAATTTTCCTACGGCTCGACCCTTGAAAAATTCTAGAGGATCTGGAAAATGGCCAACAAAATCGCGCAGGGAGACGCAAGGAAAGTAAGTCAGATGGATCCGACTGTATGTAAC
chrIII	157584	2640	ACAAAGCACGCTTTCGATGCGTTTTTGCCTTCTGAGAGAATCCTCCTACGGCTCGACCCTTGAAAAATTCTAGAGGATCTGGAAAATGGCCAACAAAATCGCGCAGGGAGACGCAAGGAAAGTAAGTCAGATGGATCCGACTGTATGTAAC
chrIII	157584	5150	ACAAAGCACGCTTTCGATGCGTTTTTGCCTTCTGAGAGAATCCTCCTACGGCGCGACCCTTGAAAAATTCTAGAGGATCTGGAAAATGGCCAACAAAATCGCGCAGGGAGACGCAAGGAAAGTAAGTCAGATGGATCCGACTGTATGTAAC
chrIII	157584	2640	ACAAAGCACGCTTTCGATGCGTTTTTGCCTTCTGAGAGAATCCTCCTACGGCTCGACCCTTGAAAAATTCTAGAGGATCTGGAAAATGGCCAACAAAATCGCGCAGGGAGACGCAAGGAAAGTAAGTCAGATGGATCCGACTGTATGTAAC
chrIII	157584	2640	ACAAAGCACGCTTTCGATGCGTTTTTGCCTTCTGAGAGAATCCTCCTACGGCTCGACCCTTGAAAAATTCTAGAGGATCTGGAAAATGGCCAACAAAATCGCGCAGGGAGACGCAAGGAAAGTAAGTCAGATGGATCCGACTGTATGTAAC
chrIII	157584	2640	ACAAAGCACGCTTTCGATGCGTTTTTGCCTTCTGAGAGAATCCTCCTACGGCTCGACCCTTGAAAAATTCTAGAGGATCTGGAAAATGGCCAACAAAATCGCGCAGGGAGACGCAAGGAAAGTAAGTCAGATGGATCCGACTGTATGTAAC
chrIII	157584	1410	ACAAAGCACGCTTTCGATGCGTTTTTGCCTTCTGAGAGAATCCTCCTACGGCTCGACCCTTGAAAAATTCTAGAGGATCTGGAAAATGGCCAACAAAATCGCGCAGGGAGACGCAAGGAAAGTAAGTCAGATGGATCCGACTGTATGTAAC
chrIII	157584	1410	ACAAAGCACGCTTTCGATGCGTTTTTGCCTTCTGAGAGAATCCTCCTACGGCTCGACCCTTGAAAAATTCTAGAGGATCTGGAAAATGGCCAACAAAATCGCGCAGGGAGACGCAAGGAAAGTAAGTCAGATGGATCCGACTGTATGTAAC
chrIII	157584	2640	ACAAAGCACGCTTTCGATGCGTTTTTGCCTTCTGAGAGAATCCTCCTACGGCTCGACCCTTGAAAAATTCTAGAGGATCTGGAAAATGGCCAACAAAATCGCGCAGGGAGACGCAAGGAAAGTAAGTCAGATGGATCCGACTGTATGTAAC
chrIII	157584	10150	ACAATGCACGCTTTCGATGCGTTTTTGCCTTCTGAGAGAATCCTCCTACGGCTCGACCCTTGAAAAATTCTAGAGGATCTGGAAAATGGCCAACAAAATCGCGCAGGGAGACGCAAGGAAAGTAAGTCAGATGGATCCGACTGTATGTAAC
chrIII	157584	7530	ACAAAGCACGCTTTCGATGCGTTTTTGCCTTCTGAGAGAATTTTCCTACGGCTCGACCCTTGAAAAATTCTAGAGGATCTGGAAAATGGCCAACAAAATCGCGCAGGGAGACGCAAGGAAAGTAAGTCAGATGGATCCGACTGTATGTAAC
chrIII	157584	2640	ACAAAGCACGCTTTCGATGCGTTTTTGCCTTCTGAGAGAATCCTCCTACGGCTCGACCCTTGAAAAATTCTAGAGGATCTGGAAAATGGCCAACAAAATCGCGCAGGGAGACGCAAGGAAAGTAAGTCAGATGGATCCGACTGTATGTAAC
chrIII	157584	1410	ACAAAGCACGCTTTCGATGCGTTTTTGCCTTCTGAGAGAATCCTCCTACGGCTCGACCCTTGAAAAATTCTAGAGGATCTGGAAAATGGCCAACAAAATCGCGCAGGGAGACGCAAGGAAAGTAAGTCAGATGGATCCGACTGTATGTAAC
chrIII	157584	10150	ACAAAGCACGCTTTCGATGCGTTTTTGCCTTCTGAGAGAATCCTCCTACGGCTCGACCCTTGAAAAATTCTAGAGGATCTGGAAAATGGCCAACAAAATCGCGCAGGGAGACGCAAGGAAAGTAAGTCAGATGGATCCGACTGTATGTAAC
chrIII	157584	2640	ACAAAGCACGCTTTCGATGCGTTTTTGCCTTCTGAGAGAATCCTCCTACGGCTCGACCCTTGAAAAATTCTAGAGGATCTGGAAAATGGCCAACAAAATCGCGCAGGGAGACGCAAGGAAAGTAAGTCAGATGGATCCGACTGTATGTAAC
chrIII	157584	5150	ACAAAGCACGCTTTCGATGCGTTTTTGCCTTCTGAGAGAATCCTCCTACGGCTCGACCCTTGAAAAATTCTAGAGGATCAGGAAAATGGCCAACAAAATCGCGCAGGGAGACGCAAGGAAAGTAAGTCAGATGGATCCGACTGTATGTAAC
chrIII	157584	2640	ACTAAGCACGCTTTCGATGCGATTTTTCCGTCTGTGAGAATCCTCCTACGGCTCGTCCGTTGTAAATTTCTAGAGGTTCTGGAATATGGCCAACAAAATCGCGCAGGGAGACGCTAGGTAAGTAAGTGAGATGGATCCGTCTGTATGTAAC
chrIII	157584	2640	ACAAAGCACGCTTTCGATGCGTTTTTGCCTTCTGAGAGAATCCTCCTACGGCTCGACCCTTGAAAAATTCTAGAGGATCTGGAAAATGGCCAACAAAATCGCGCAGGGAGACGCAAGGAAAGTAAGTCAGATGGATCCGACTGTATGTAAC
chrIII	157585	10150	CAAAGCACGCTTTCGATGCGTTTTTGCCTTCTGAGAGAATCCTCCTACGGCTAGACCCTTGAAAAATTCTAGAGGATCTGGAAAATGGCCAACAAAATCGCGCAGGGAGACGCAAGGAAAGTAAGTCAGATGGATCCGACTGTATGTAACA
chrIII	157585	5150	CAAAGCACGCTTTCGATGCGTTTTTGCCTTCTGAGAGAATCCTCCTACGGCTCGACCCTTGAAAAATTCTAGAGGATCTGGAAAATGGCCAACAAAATCGCGCAGGGAGACGCAAGGAAAGTAAGTCAGATGGATCCGACTGTATGTAACA
chrIII	157585	7530	CAAAGCACGCTTTCGATGCGTTTTTGCCTTCTGAGAGAATCCTCCTACGGCTCGACCCTTGAAAAATTCTAGAGGATCTGGAAAATGGCCAACAAAATCGCGCAGGGAGACGCAAGGAAAGTAAGTCAGATGGATCCGACTGTATGTAACA
chrIII	157586	10150	AAAGCACGCTTTCGATGCGTTTTTGCCTTCTGAGAGAATCCTCCTACGGCTCGACCCTTGAAAAATTCTAGAGGATCTGGAAAATGGCCAACAAAATCGCGCAGGGAGACGCAAGGAAAGTAAGTCAGATGGATCCGACTGTATGTAACAA
chrIII	157586	2640	AAAGCACGCTTTCGATGCGTTTTTGCCTTCTGAGAGAATCCTCCTACGGCTCGACCCTTGAAAAATTCTAGAGGATCTGGAAAATGGCCAACAAAATCGCGCAGGGAGACGCAAGGAAAGTAAGTCAGATGGATCCGACTGTATGTAACAA
chrIII	157586	5150	AAAGCACGCTTTCGATGCGTTTTTGCCTTCTGAGAGAATCCTCCTACGGCTCGACCCTTGAAAAATTCTAGAGGATCTGGAAAATGGCCAACAAAATCGCGCAGGGAGACGCAAGGAAAGTAAGTCAGATGGATCCGACTGTATGTAACAA
chrIII	157586	10150	AAAGCTCGCTTTCGATGCGTTTTTGCCTTCTGAGAGAATCCTCCTACGGCGCGACCCTTGAAAAATTCTAGAGGATCTGGAAAATGGCCAACAAAATCGCGCAGGGAGACGCAAGGAAAGTAAGTCAGATGGATCCGACTGTATGTAACAA
chrIII	157586	7530	AAAGCACGCTTTCGATGCGTTTTTGCCTTCTGAGAGAATTTTCCTACGGCTCGACCCTTGAAAAATTCTAGAGGATCTGGAAAATGGCCAACAAAATCGCGCAGGGAGACGCAAGGAAAGTAAGTCAGATGGATCCGACTGTATGTAACAA
chrIII	157586	1410	AAAGCACGCTTTCGATGCGTTTTTGCCTTCTGAGAGAATCCTCCTACGGCTCGACCCTTGAAAAATTCTAGAGGATCTGGAGAATGGCCAACAAAATCGCGCAGGGAGACGCAAGGAAAGTAAGTCAGATGGATCCGACTGTATGTAACAA
chrIII	157586	7530	AAAGCACGCTTTCGATGCGTTTTTGCCTTCTGAGAGAATTTTCCTACGGCTCGACCCTTGAAAAATTCTAGAGGATCTGGAAAATGGCCAACAAAATCGCGCAGGGAGACGCAAGGAAAGTAAGTCAGATGGATCCGACTGTATGTAACAA
chrIII	157586	10150	AAAGCACGCTTTCGATGCGTTTTTGCCTTCTGAGAGAATCCTCCTACGGCTCGACCCTTGAAAAATTCTAGAGGATCTGGAAAATGGCCAACAAAATCGCGCAGGGAGACGCAAGGAAAGTAAGTCAGATGGATCCGACTGTATGTAACAA
chrIII	157586	7530	AAAGCACGCTTTCGATGCGTTTTTGCCTTCTGAGAGAATCCTCCTACGGCTCGACCCTTGAAAAATTCTAGAGGATCTGGAAAATGGCCAACAAAATCGCGCAGGGAGACGCAAGGAAAGTAAGTCAGATGGATCCGACTGTATGTAACAA
chrIII	157586	7530	ATAGCACGCTTTCGATGCGTTTTTGCCTTCTGAGAGAATTTTCCTACGGCTCGACCCTTGAAAAATTCTAGAGGATCTGGAAAATGGCCAACAAAATCGCGCAGGGAGACGCAAGGAAAGTAAGTCAGATGGATCCGACTGTATGTAACAA
chrIII	157589	70	GCACGCTTTCGATGCGTTTTTGCCTTCTGAGAGAATCCTCCTACGGCTCGACCCTTGAAAAATTCTAGAGGATCTGGAAAATGGCCAACAAAATAGCGCAGGGAGACGCAAGGACAGTAAGTCAGATGGATCCGACTGTATGTAACAAGGG
chrIII	157589	7530	GCACGCTTTCGATGCGTTTTTGCCTTCTGAGAGAATCCTCCTACGGCTCGACCCTTGAAAAATTCTAGAGGATCTGGAAAATGGCCAACAAAATCGCGCAGGGAGACGCAAGGAAAGTAAGTCAGATGGATCCGACTGTATGTAACAAGGG
chrIII	157589	7530	(CGTTCTCCATACGACATACTGTTCCAAC)GCACGCTTTCGATGCGTTTTTGGCTTCTGAGAGTATACTCCTTCGGCTCGACCCTTGACAAAATGTAGTGGATCTGGAATATGGGCATGTAAATCGCGCCGGGCGACGCAAGGTATGTAAGTC
chrIII	157590	7530	CACGCTTTCGATGCGTTTTTGCCTTCTGAGAGAATCCTCCTACGGCTCGACCCTTGAAAAATTCTAGAGGATCTGGAAAATGGCCAACAAAATCGCGCAGGGAGACGCAAGGAAAGTAAGTCAGATGGATCCGACTGTATGTAACAAGGG
chrIII	157590	70	CACGCTTTCGATGCGTTTTTGCCTTCTGAGAGAATCCTCCTACGGCTCGACCCTTGAAAAATTCTAGAGGATCTGGAAAATGGCCAACAAAATCGCGCAGGGAGACGCAAGGAAAGTAAGTCAGATGGATCCGACTGTATGTAACAAGGGT
chrIII	157590	70	CACGCTTTCGATGCGTTTTTGCCTTCTGAGAGAATCCTCCTACGGCTCGACCCTTGAAAAATTCTAGAGGATCTGGAAAATGGCCAACAAAATCGCGCAGGGAGACGCAAGGAAAGTAAGTCAGATGGATCCGACTGTATGTAACAAGGGT
chrIII	157590	70	CACGCTTTCGATGCGTTTTTGCCTTCTGAGAGAATCCTCCTACGGCTCGACCCTTGAAAAATTCTAGAGGATCTGGAAAATGGCCAACAAAATCGCGCAGGGAGACGCAAGGAAAGTAAGTCAGATGGATCCGACTGTATGTAACAAGGG
chrIII	157590	2640	CACGCTTTCGATGCTTTTTTGCCTTCTGAGAGAATCCTCCTACGGCTAGACCCTTGAATAATTCTAGAGGATCTGGAAAATGGCCAACAAAATCGCGCAGTGAGACGCAAGGAAAGTAAGTCAGATGGATCCGACTGTATGTAACAAGGG
chrIII	157590	70	CACGCTTTCGATGCGTTTTTGCCTTCTGAGAGAATCCTCCTACGGCTCGACCCTTGAAAAATTCTAGAGGATCTGGAAAATGGCCAACAAAATCGCGCAGGGAGACGCAAGGAAAGTAAGTCAGATGGATCCGACTGTATGTAACAAGGG
chrIII	157590	5150	CACGCTTTCGATGCGTTTTTGCCTTCTGAGAGAATCCTCCTACGGCTCGACCCTTGAAAAATTCTAGAGGATCTGGAAAATGGCCAACAAATTCGCGCAGGGAGACGCAAGGAAAGTAAGTCAGATGGATCCGACTGTATGTAACAAGGGT
chrIII	157590	70	CACGCTTTCGATGCGTTTTTGCCTTCTGAGAGAATCCTCCTACGGCTCGACCCTTGAAAAATTCTAGAGGATCTGGAAAATGGCCAACAAAATCGCGCAGGGAGACGCAAGGAAAGTAAGTCAGATGGATCCGACTGTATGTAACAAGGGT
chrIII	157594	2640	CTTTCGATGCGTTTTTGCCTTCTGAGAGAATCCTCCTACGGCTCGACCCTTGAAAAATTCTAGAGGATCTGGAAAATGGCCAACAAAATCGCGCAGGGAGACGCAAGGAAAGTAAGTCAGATGGATCCGACTGTATGTAAC
chrIII	157594	2640	CTTTCGATGCGTTTTTGCCTTCTGAGAGAATCCTCCTACGGCTCGACCCTTGAAAAATTCTAGAGGATCTGGAAAATGGCCAACAAAATCGCGCAGGGAGACGCAAGGAAAGTAAGTCAGATGGATCCGACTGTATGTAAC
chrIII	157596	1410	TTCGATGCGTTTTTGCCTTCTGAGAGAATCCTCCTACGGCTCGACCCTTGAAAAATTCTAGAGGATCTGGAAAATGGCCAACAAAATCGCGCAGGGAGACGCAAGGAAAGTAAGTCAGATGGATCCGACTGTATGTAACAAGGGTTGCTGC
chrIII	157596	5150	TTCGATGCGTTTTTGCCTTCTGAGAGAATCCTCCTACGGCTCGACCCTTGAAAAATTCTAGAGGATCTGGAAAATGGCCAACAAAATCGCGCAGGGAGACGCAAGGAAAGTAAGTCAGATGGATCCGACTGTATGTAACAAGGGTTGCTGC
chrIII	157596	10150	TTCGATGCGTTTTTGCCTTCTGAGAGAATCCTCCTACGGCTCGACCCTTGAAAAATTCTAGAGGATCTGGAAAATGGCCAACAAAATCGCGCAGGGAGACGCAAGGAAAGTAAGTCAGATGGATCCGACTGTATGTAACAAGGGTTGCTG
chrIII	157601	2640	(TCAGCGGACGCGTCTGC)TGCGTTTTTGCCTTCTGCGAGAATCGTCCTACGGCTC(CTCCCTTCAATAAGCCTAGTCGAGCTGGATAATGGCCAACAACTTCGGGCAGGGAGACGCAAGTTATTTATGTCATAGGGATGATAGTTTTTGTAAC)
chrIII	157603	70	CGTTTTTGCCTTCTGAGAGAATCCTCCTACGGCTCGACCCTTGAAAAATTCTAGAGGATCTGGAAAATGGCCAACAAAATCGCGCAGGGAGACGCAAGGAAAGTAAGTCAGATGGATCCGACTGTATGTAACAAGGGTTGCTGCAGCGGTT
chrIII	157603	2640	CGTTTTTGCCTTCTGAGAGAATCCTCCTACGGCTCGACCCTTGAAAAATTCTAGAGGATCTGGAAAATGGCCAACAAAATCGCGCAGGGAGACGCAAGGAAAGTAAGTCAGATGGATCCGACTGTATGTAACAAGGGTTGCTGCAGCGGTT
chrIII	157604	5150	GTTTTTGCCTTCTGAGAGAATCCTCCTACGGCTCGACCCTTGAAAAATTCTAGAGGATCTGGAAAATGGCCAACAAAATCGCGCAGGGAGACGCAAGGAAAGTAAGTCAGATGGATCCGACTGTATGTAACAAGGGTTGCTGCAGCGGTTT
chrIII	157606	2640	TTTTGCCTTCTGAGAGAATCCTCCTACGGCTCGACCCTTGAAAAATTCTAGAGGATCTGGAAAATGGCCAACAAAATCGCGCAGGGAGACGCAAGGAAAGTAAGTCAGATGGATCCGACTGTATGTAACAAGGGTTGCTGCAGCGGTTTTC
chrIII	157610	1410	GCCTTCTGAGAGAATCCTCCTACGGCGCGACCCTTGAAAAATTCTAGAGGATCTGGAAAATGGCCAACAAAATCGCGCATGGAGACGCAAGGAAAGTAAGTCAGATGGATCCGACTGTATGTAACAAGGGTTGCTGCAGCGGTTTTCCAT
chrIII	157611	70	CCTTCTGAGAGAATCCTCCTACGGCTCGACCCTTGAAAAATTCTAGAGGATCTGGAAAATGGCCAACAAAATCGCGCAGGGAGACGCAAGGAAAGTAAGTCAGATGGATCCGACTGTATGTAACAAGGGTTGCTGCAGCGGTTTTCCATC
chrIII	157611	70	CCTTCTGAGAGAATCCTCCTACGGCTCGACCCTTGAAAAATTCTAGAGGATCTGGAAAATGGCCAACAAAATCGCGCAGGGAGACGCAAGGAAAGTAAGTCAGATGGATCCGACTGTATGTAACAAGGGTTGCTGCAGCGGTTTTCCATC
chrIII	157611	70	CCTTCTGAGAGAATCCTCCTACGGCTCGACCCTTGAAAAATTCTAGAGGATCTGGAAAATGGCCAACAAAATCGCGCAGGGAGACGCAAGGAAAGTAAGTCAGATGGATCCGACTGTATGTAACAAGGGTTGCTGCAGCGGTTTTCCATC
chrIII	157611	2640	CCTTCTGAGAGAATCCTCCTACGGCTCGACCCTTGAAAAATTCTAGAGGATCTGGAAAATGGCCAACAAAATCGCGCAGGGAGACGCAAGGAAAGTAAGTCAGATGGATCCGACTGTATGTAACAAGGGTTGCTGCAGCGGTTTTCCATC
chrIII	157612	2640	CTTCTGAGAGAATCCTCCTACGGCTCGACCCTTGAAAAATTCTAGAGGATCTGGAAAATGGCCAACAAAATCGCGCAGGGAGACGCAAGGAAAGTAAGTCAGATGGATCCGACTGTATGTAACAAGGGTTGCTGCAGCGGTTTTCCATCCC
chrIII	157613	7530	TTCTGAGAGAATTTTCCTACGGCTCGACCCTTGAAAAATTCTAGAGGATCTGGAAAATGGCCAACAAAATCGCTCAGGGAGACGCAATGAAAGTAAGTCAGATGGATCCGACTGTATGTAACAAGGGGTGCTGCAGCGGTTTTCCATCC
chrIII	157613	7530	TTCTGAGAGAATTTTCCTACGGCTCGACCCTTGAAAAATTCTAGAGGATCTGGAAAATGGCCAACAAAATCGCGCAGGGAGACGCAAGGAAAGTAAGTCAGATGGATCCGACTGTATGTAACAAGGGTTGCTGCAGCGGTTTTCCATCC
chrIII	157615	2640	CTGAGAGAATCCTCCTACGGCTCGACCCTTGAAAAATTCTAGAGGATCTGGAAAATGGCCAACAAAATCGCGCAGGGAGACGCAAGGAAAGTAAGTCAGATGGATCCGACTG
chrIII	157615	10150	CTGAGAGAATCCTCCTACGGCTCGACCCTTGAAAAATTCTAGAGGATCTGGAAAATGGCCAACAAAATCGCGCAGGGAGACGCAAGGAAAGTAAGTCAGATGGATCCGACTGTATGTAACAAGGGTTGCTGCAGCGGTTTTCCATCCCTTT
chrIII	157615	2640	CTGAGAGAATCCTCCTACGGCTCGACCCTTGAAAAATTCTAGAGGATCTGGAAAATGGCCAACAAAATCGCGCAGGGAGACGCAAGGAAAGTAAGTCAGATGGATCCGACTG
chrIII	157617	2640	GAGAGAATCCTCCTACGGCTCGACCCTTGAAAAATTCTAGAGGATCTGGAAAATGGCCAACAAAATCGCGCAGGGAGACGCAAGGAAAGTAAGTCAGATGGATCCGACTGTATGTAACAAGGGTTGCTGCAGCGGTTTTCCATCCCTTTCG
chrIII	157617	70	GAGAGAATCCTCCTACGGCTCGACCCTTGAAAAATTCTAGAGGATCTGGAAAATGGCCAACAAAATCGCGCATGGAGACGCAAGGAAAGTAAGTCAGATGGATCCGACTGTATGTAACAAGGGTTGCTGCAGCGGTTTTCCATCCCTTTCG
chrIII	157618	2640	AGAGAATCATCCTACGGCTCGACCCTTGAAATATTCTAGAGGATCTGGACAATGGCCAACAATATCGCGCAGGGAGACGCAAGGACAGTAAGTCAGATGGATCCGACTGTATGTAACAAGGGTAGCTGCAGCGGATTTCCATCCCGTTCGG
chrIII	157619	7530	GAGAATCATCCTACGGCTCGACCCTTGAATTATTCTAGAGGATGTGGAACATGGGCGACAAAAACGCGCAGGGGGACGCAAGGTGAGTAAGTCAGATGGATCCGACTGTATGTAACACGGGTTGCTTCAGCGGTTTTCCATACCTTACGG
chrIII	157619	70	GAGAATCCTCCTACGGCTCGACCCTTGAAAAATTCTAGAGGATCTGGAAAATGGCCAACAAAATCGCGCAGGGAGACGCAAGGAAAGTAAGTCAGATGGATCCGACTGTATGTAACAAGGGTTGCTGCAGCGGTTTTCCATCCCTTTCGG
chrIII	157619	10150	GAGAATCCTCCTACGGCTCGACCCTTGAAAAATTCTAGAGGATCTGGAAAATGGCCAACAAAATCGCGCAGGGAGACGCAAGGAAAGTAAGTCAGATGGATCCGACTGTATGTAACAAGGGTTGCTGCAGCGGTTTTCCATCCCTTTCGGC
chrIII	157620	2640	AGAATCCTCCTACGGCTCGACCCTTGAAAAATTCTAGAGGATCTGGAAAATGGCCAACAAAATCGCGCAGGGAGACGCAAGGAAAGTAAGTCAGATGGATCCGACTGTATGTAACAAGGGTTGCTGCAGCGGTTTTCCATCCCTTTCGGC
chrIII	157620	2640	AGAATCCTCCTACGGCTCGACCCTTGAAAAATTCTAGAGGATCTGGAAAATGGCCAACAAAATCGCGCAGGGAGACGCAAGGAAAGTAAGTCAGATGGATCCGACTGTATGTAACAAGGGTTGCTGCAGCGGTTTTCCATCCCTTTCGGC
chrIII	157621	70	GAATCCTCCTACGGCTCGACCCTTGAAAAATTCTAGAGGATCTGGAAAATGGCCAACAAAATCGCGCAGGGAGACGCAAGGAAAGTAAGTCAGATGGATCCGACTGTATGTAACAAGGGTTGCTGCAGCGGTTTTCCATCCCTTTCGGCA
chrIII	157621	70	GAATCCTCCTACGGCTCGACCCTTGAAAAATTCTAGAGGATCTGGAAAATGGCCAACAAAATCGCGCAGGGAGACGCAAGGAAAGTAAGTCAGATGGATCCGACTGTATGTAACAAGGGTTGCTGCAGCGGTTTTCCATCCCTTTCGGCA
chrIII	157622	70	AATCCTCCTACGGCTCGACCCTTGAAAAATTCTAGAGGATCTGGAAAATGGCCAACAAAATCGCGCAGGGAGACGCAAGGAAAGTAAGTCAGATGGATCCGACTGTATGTAACAAGGGTTGCTGCAGCGGTTTTCCATCCCTTTCGGCAC
chrIII	157622	70	AATCCTCCTACGGCTCGACCCTTGAAAAATTCTAGAGGATCTGGAAAATGGCCAACAAAATCGCGCAGGGAGACGCAAGGAAAGTAAGTCAGATGGATCCGACTGTATGTAACAAGGGTTGCTGCAGCGGTTTTCCATCCCTTTCGGCAC
chrIII	157622	7530	AATCCTCCTACGGCTCGACCCTTGAAAAATTCTAGAGGATCTGGAAAATGGCCAACAAAATCGCGCAGGGAGACGCAAGGAAAGTAAGTCAGATGGATCCGACTGTATGTAACAAGGGTTGCTGCAGCGGTTTTCCATCCCTTTCGGCA
chrIII	157622	1410	AATCCTCCTACGGCTCGACCCTTGAAAAATTCTAGAGGATCTGGAAAATGGCCAACAAAATCGCGCAGGGAGACGCAAGGAAAGTAAGTCAGATGGATCCGACTGTATGTAACAAGGGTTGCTGCAGCGGTTTTCCATCCCTTTCGGCACC
chrIII	157623	7530	ATCCTCATACGTCTCGACCCTTGAAATATTATATAGGATCTGGAAAATGGCCAAAAAAATCGCGCAGGGAGACGAAAGGAAAGTAAGTCAGATGGATCCTACTGTATGTAACAAGGGTTGCTGCAGCGGTGTTCCATCCCTTTCGGCAAC
chrIII	157624	10150	TCCTCCTACGGCTCGACCCTTGAAAAATTCTAGAGGATCTGGAAAATGGCCAACATAATCGCGCAGGGAGACGCAAGGAAAGTAAGTCAGATGGATCCGACTGTATGTAACAAGGGTTGCTGCAGCGGTTTTCCATCCCTTTCGGCACCCT
chrIII	157624	2640	TCCTCCTACGGCTCGACCCTTGAAAAATTCTAGAGGATCTGGAAAATGGCCAACAAAATCGCGCAGGGAGACGCAAGGAAAGTAAGTCAGATGGATCCGACTGTATTTAACAAGGGTTGCTGCATCGGTTTTCCAGCCCTTTCGGCACC
chrIII	157624	7530	TCCTCCTACGGCTCGACCCTTGAAAAATTCTAGAGGATCTGGAAAATGCCCAGCAAAATCGCGCAGGGAGACGCAAGGAAAGTAAGTCAGATGG
chrIII	157624	2640	TCCTCCTACGGCTCGACCCTTGAAAAATTCTAGAGGATCTGGAAAATGGCCAACAAAATCGCGCAGGGAGACGCAAGGAAAG
chrIII	157624	7530	TCCTCATACGGCTCGACCCTTGAAAAATTCTAGAGGATCTGGAAATTGGCCAACAAAATCGCGCAGGGAGACGCAAGGAAAGTAAGTCAGATGGATCCGACTGTATGTCACAATGGTTGCTGCAGCGGTTTTCCATCCCTTTCGGCACC
chrIII	157624	1410	TCCTCCTACGGCTCGACCCTTGAAAAATTCTAGAGGATCTGGAAAATGGCCAACAAAATCGCGCAGGGAGACGCAAGGAAAGTAAGTCAGATGGATCCGACTGTATGTAACAAGGGTTGCCGCAGCGGTTTTCCATCCCTTTCGGCACCCT
chrIII	157624	2640	TCCTCCTACGGCTCGACCCTTGAAAAATTCTAGAGGATCTGGAAAATGGCCAACAAAATCGCGCAGGGAGACGCAAGGAAAG
chrIII	157624	2640	TCCTCCTACCGCTCGACCCATGAAAAATTCTAGAGGATCTCGAACATGCCCAACAAAAACGCGCAGGGAGACGCAAGGCCAGTTAGTCAGATGGAGCCGAAGCTATCTACCACGGGTTGCTGCAGCGGTTTTCCAGCCCACTCGGCACC
chrIII	157624	7530	TCCTCCTACGGCTCGACCCTTGAAAAATTCTAGAGGATCTGGAAAATGGCCAACAAAATCGCGCAGGGAGACGCAAGGAAAGTAAGTCAGATGGATCCGACTGTATGTAACAAGGGTTGCTGCAGCGGTTTTCCATCCCTTTCGGCACC
chrIII	157624	1410	TCCTCCTACGGCTCGACCCTTGAAAAATTCTAGAGGATCTGGAAAATGGCCAACAAAATCGCGCAGGGAGACGCAAGGAAAGTAAGTCAGATGGATCCGACTGTATGTAACAAGGGTTGCTGCAGCGGTTTTCCATCCCTTTCGGCCCCCT
chrIII	157624	7530	TCCTCCTACGGCTCGACCCTTGAAAAATTCTAGAGGATCTGGAAAATGGCCAGCAAAATCGCGCAGGGAGACGCAAGGAAAGTAAGTCAGATGG
chrIII	157626	2640	CTCCTACGGCTCGACCCTTGAAAAATTCTAGAGGATCTGGAAAATGGCCAACAAAATCGCGCAGGGAGACGCAAGGAAAGTAAGTCAGATGGATCCGACTGTATGTAAC
chrIII	157626	2640	CTCCTACGGCTCGACCCTTGAAAAATTCTAGAGGATCTGGAAAATGGCCAACAAAATCGCGCAGGGAGACGCAAGGAAAGTAAGTCAGATGGATCCGACTGTATGTAAC
chrIII	252658	10150	AAACCTTTGCTTCCTTCAAGGTGTACATGTTTCTTTTCATTCACCTTGTTTCTTTCTTTAAAAAGAGGAAGAGGAAAAAAAAAATTTCGTGTAATGCGAGAAGAACAAATAGGGAAGTGATAACAATAGTATCAATAACTGGCTGCAATAG
chrIII	252658	7530	AAACCTTTGCTTCCTTCACGGTGTACATGTTTATTTTCATTCACCTTGTTTCTTTCTTTAAAAAGAGGAAGAGGAAAAAAAAAATTTCGTGTAATGCGAGAAGAACAAATAGGGAAGTGATAACAATAGTATCAATAACAGGCTGCAATAG
chrIII	252658	7530	AAACCTTTGCTTCCTTCAAGGTGTACATGTTTCTTTTCATTCACCTTGTTTCTTTCTTTAAAAAGAGGAAGAGGAAAAAAAAAATTTCGTGTAATGCGAGAAGAACAAATAGGGAAGTGATAACAATAGTATCAATAACAGGCTGCAATAG
chrIII	252658	7530	AAACCTTTGCTTCCTTCAAGGTGTACATGTTTCTTTTCATTCACCTTGTTTCTTTCTTTAAAAAGAGGAAGAGGAAAAAAAAAATTTCGTGTAATGCGAGAAGAACAAATAGGGAAGTGATAACAATAGTATCAATAACAGGCTGCAATAG
chrIII	252659	10150	AACCTTAGCTTCCTTAAAGGTGTACATGGTTTTTTTCAATAACCTTGTTTCTTTGTTTAAAAAGAGGTTTTGG(A)AAAAAAAAAATTTCGTGTAATGCGAGATGTACTAATAGGGAAGTGATAACATTTGTTTCAATAACAGGCTGCAATAG
chrIII	252667	2640	CTTCCTTCAAGGTGTACATGTTTCTTTTCATTCACCTTGTTTCTTTCTTTAAAAAGAGGAAGAGGAAAAAAAAAATTTCGTGTAATGCGAGAAGAACAAATAGGGAAGTGATAACAATAGTATCAATAACAGGCTGCAATCGGGGCAATTA
chrIII	252667	70	CTTCCTTCAAGGTGTACATGTTTCTTTTCATTCACCTTGTTTCTTTCTTTAAAAAGAGGAAGAGGAAAAAAAAAATTTCGTGTAATGCGAGAAGAACAAATAGGGAAGTGATAACAATAGTATCAATAACAGGCTGCAATCGGGGCAATTA
chrIII	252667	70	CTTCCTTCAAGGTGTACATGTTTCTTTTCATTCACCTTGTTTCTTTCTTTAAAAAGAGGAAGAGGAAAAAAAAAATTTCGTGTAATGCGAGAAGAACAAATAGGGAAGTGATAACAATAGTATCAATAACAGGCTGCAATCGGGGCAATTA
chrIII	252667	70	CTTCCTTCAAGGTGTACATGTTTCTTTTCATTCACCTTGTTTCTTTCTTTAAAAAGAGGAAGAGGAAAAAAAAAATTTCGTGTAATGCGAGAAGAACAAATAGGGAAGTGATAACAATAGTATCAATAACAGGCTGCAATCGGGGCAATTA
chrIII	252669	2640	TCCTTCAAGGTGTACATGTTTCTTTTCATTCACCTTGTTTCTTTCTTTAAAAAGAGGAAGAGGAAAAAAAAAATTTCGTGTAATGCGAGAAGAACAAATAGGGAAGTGATAACAATAGTATCAATAACAGGCTGCAATCGGGGCAATTAAG
chrIII	252670	70	CCTTCAAGGTGTACATGTTTCTTTTCATTCACCTTGTTTCTTTCTTTAAAAAGAGGAAGAGGAAAAAAAAAATTTCGTGTAATGCGAGAAGAACAAATAGGGAAGTGATAACAATAGTATCAATAACAGGCTGCAATCGGGGCAATTAAG
chrIII	252670	2640	CCTTCAAGGTGTACATGTTTCTTTTCATTCACCTTGTTTCTTTCTTTAAAAAGAGGAAGAGGAAAAAAAAAATTTCGTGTAATGCGAGAAGAACAAATAGGGAAGTGATAACAATAGTATCAATAACAGGCTGCAATCGGGGCAATTAAG
chrIII	252670	70	CCTTCAAGGTGTACATGTTTCTTTTCATTCACCTTGTTTCTTTCTTTAAAAAGAGGAAGAGGAAAAAAAAAATTTCGTGTAATGCGAGAAGAACAAATAGGGAAGTGATAACAATAGTATCAATAACAGGCTGCAATCGGGGCAATTAAG
chrIII	252670	2640	CCTTCAAGGTGTACATGTTTCTTTTCATTCACCTTGTTTCTTTCTTTAAAAAGAGGAAGAGGAAAAAAAAAATTTCGTTTAATGCGAGAAGAACAAATAGGGAAGTGATAACAATAGAATCAAAAACAGGCTGCAATAGGGGAAATTAAG
chrIII	252670	7530	CCTTCAAGGTGTACATGTTTCTTTTCATTCACCTTGTTTCTTTCTTTAAAAAGAGGAAGAGGAAAAAAAAAATTTCGTGTAATGCGAGAAGAACAAATAGGGAAGTGATAACAATAGTATCAATAACAGGCTGCAATCGGGGCAATTAAG
chrIII	252670	2640	CCTTCAAGGTGTACATGTTTCTTTTCATTCACCTTGTTTCTTTCTTTAAAAAGAGGAAGAGGAAAAAAAAAATTTCGTGTAATGCGAGAAGAACAAATAGGGAAGTGATAACAATAGTATCAATAACAGGCTGCAATCGGGGCAATTAAGC
chrIII	252670	1410	CCTTCAAGGTGTACATGTTTCTTTTCATTCACCTTGTTTCTTTCTTTAAAAAGAGGAAGAGGAAAAAAAAAATTTCGTGTAATGCGAGAAGAACAAATAGGGAATTGATAACAATAGTATAAATAACAGGCTGCAATCGTGGCAATTAAGC
chrIII	252671	5150	CTTCAAGGTGTACATGTTTCTTTTCATTCACCTTGTTTCTTTCTTTAAAAAGAGGAAGAGGAAAAAAAAAATTTCGTGTAATGCGAGAAGAACAAATAGGGAAGTGATAACAATAGTATCAATAACAGGCTGCAATCGGGGCAATTAAGC
chrIII	252671	7530	CTTCAAGGTGTACATGTTTCTTTTCATTCACCTTGTTTCTTTCTTTAAAAAGAGGAAGAGGAAAAAAAAAATTTCGTGTAATGCGAGAAGAACAAATAGGGAAGTGATAACAATAGTATCAATAACAGGCTGCAATAGGGGCAATTAAGCA
chrIII	252672	70	TTCAAGGTGTACATGTTTCTTTTCATTCACCTTGTTTCTTTCTTTAAAAAGAGGAAGAGGAAAAAAAAAATTTCGTGTAATGCGAGAAGAACAAATAGGGAAGTGATAACAATAGTATCAATAACAGGCTGCAATCGGGGCAATTAAGCAT
chrIII	252676	7530	AGGTGTACATGTTTCTTTTCATTCACCTTGTTTCTTTCTTTAAAAAGAGGAAGAGGAAAAAAAAAATTTCGTGTAATGCGAGAAGAACAAATAGGGAAGTGATAACAATAGTATCAATAACAGGCTGCAATCGGGGCAATTAAGCATCAGA
chrIII	252678	7530	GTGTACATGTTTCTTTTCATTCACCTTGTTTCTTTCTTTAAAAAGAGGAAGAGGAAAAAAAAAATTTCGTGTAATGCGAGAAGAACAAATAGGGAAGTGATAACAATAGTATCAATAACAGGCTGCAATAGGGGCAATTAAGCATCAGA
chrIII	252678	1410	GTGTACATGTTTCTTTTCATTCACCTTGTTTCTTTCTTTAAAAAGAGGAAGAGGAAAAAAAAAATTTCGTGTAATGCGAGAAGAACAAATAGGGAAGTGATAACAATAGTATCAATAACAGGCTGCAATCGGGGCAATTAAGCATCAGA
chrIII	252678	7530	GTGTACATGTTTCTTTTCATTCACCTTGTTTCTTTCTTTAAAAAGAGGAAGAGGAAAAAAAAAATTTCGTGTAATGCGAGAAGAACAAATAGGGAAGTGATAACAATAGTATCAATAACAGGCTGCAATCGGGGCAATTAAGCATCAGAAG
chrIII	252678	5150	GTGTACATGTTTCTTTTCATTCACCTTGTTTCTTTCTTTAAAAAGAGGAAGAGGAAAAAAAAAATTTCGTGTAATGCGAGAAGAACAAATAGGGAAGTGATAACAATAGTATCAATAACAGGCTGCAATAGGTGCAATTAAGCATCAGATG
chrIII	252678	70	GTGTACATGTTTCTTTTCATTCACCTTGTTTCTTTCTTTAAAAAGAGGAAGAGGAAAAAAAAAATTTCGTGTAATGCGAGAAGAACAAATAGGGAAGTGATAACAATAGTATCAATAACAGGCTGCAATCGGGGCAATTAAGCATCAGAAG
chrIII	252678	1410	GTGTACATGTTTCTTTTCATTCACCTTGTTTCTTTCTTTAAAAAGAGGAAGAGGAAAAAAAAAATTTCGTGTAATGCGAGAAGAACAAATAGGGAAGTGATAACAATAGTATCAATAACAGGCTGCAATCGGGGCAATTAAGCATCAGAAG
chrIII	252678	5150	GTGTACATGTTTCTTTTCATTCACCTTGTTTCTTTCTTTAAAAAGAGGAAGAGG-AAAAAAAAATTTCGTGTAATGCGAGAAGAACAAATAGGGAAGTGATAACAATAGTATCAATAACAGGCTGCAATCGGGGCAATTAAGCATCAGA
chrIII	252678	70	GTGTACATGTTTCTTTTCATTCACCTTGTTTCTTTCTTTAAAAAGAGGAAGAGGAAAAAAAAAATTTCGTGTAATGCGAGAAGAACAAATAGGGAAGTGATAACAATAGTATCAATAACAGGCTGCAATCGGGGCAATTAAGCATCAGA
chrIII	252679	7530	TGTACATGTTTCTTTTCATTCACCTTGTTTCTTTCTTTAAAAAGAGGAAGAGGAAAAAAAAAATTTCGTGTAATGCGAGAAGAACAAATAGGGAAGTGATAACAATAGTATCAATAACAGGCTGCAATAGGGGCAATTAAGCATCAGAAG
chrIII	252680	70	GTACATGTTTCTTTTCATTCACCTTGTTTCTTTCTTTAAAAAGAGGAAGAGGAAAAAAAAAATTTCGTGTAATGCGAGAAGAACAAATAGGGAAGTGATAACAATAGTATCAATAACAGGCTGCAATCGGGGCAATTAAGCATCAGAAGAG
chrIII	252680	2640	GTACATGTTTCTTTTCATTCACCTTGTTTCTTTCTTTAAAAAGAGGAAGAGGAAAAAAAAAATTTCGTGTAATGCGAGAAGAACAAATAGGGAAGTGATAACAATAGTATCAATAACAGGCTGCAATCGGGGCAATTAAGCATCAGAAGAG
chrIII	252683	7530	CATGTTTCTTTTCATTCACCTTGTTTCTTTCTTTAAAAAGAGGAAGAGGAAAAAAAAAATTTCGTGTAATGCGAGAAGAACAAATAGGGAAGTGATAACAATAGTATCAATAACAGGCTGCAATAGGGGCAATTAAGCATCAGAAGAGGGG
chrIII	252685	7530	TGTTTCTTTTCATTCACCTTGTTTCTTTCTTTAAAAAGAGGAAGAGGAAAAAAAAAATTTCGTGTAATGCGAGAAGAACAAATAGGGAAGTGATAACAATAGTATCAATAACAGGCTGCAATAGGGGCAATTAAGCATCAGAAGAGGGGAA
chrIII	252685	7530	TGTTTCTTTTCATTCACCTTGTTTCTTTCTTTAAAAAGAGGAAGAGGAAAAAAAAAATTTCGTGTAATGCGAGAAGAACAAATAGGGAAGTGATAACAATAGTATCAATAACAGGCTGCAATAGGGGCAATTAAGCATCAGAAGAGGGGAA
chrIII	252685	7530	TGTTTCTTTTCATTCACCTTGTTTCTTTCTTTAAAAAGAGGAAGAGG(A)AAAAAAAAAATTTCGTGTAATGCGAGAAGAACAAATAGGGAAGTGATAACAATAGTATCAATAACAGGCTGCAATCGGGGCAATTAAGCATCAGAAGAGGGGA
chrIII	252686	70	GTTTCTTTTCATTCACCTTGTTTCTTTCTTTAAAAAGAGGAAGAGGAAAAAAAAAATTTCGTGTAATGCGAGAAGAACAAATAGGGAAGTGATAACAATAGTATCAATAACAGGCTGCAATCGGGGCAATTAAGCATCAGAAGAGGGGAAT
chrIII	252690	2640	CTTTTCATTCACCTTGTTTCTTTCTTTAAAAAGAGGAAGAGGAAAAAAAAAATTTCGTGTAATGCGAGAAGAACAAATAGGGAAGTGATAACAATAGTATCAATAACAGGCTGCAATCGGGGCAATTAAGCATCAGAAGAGGGGAATTTGA
chrIII	252694	2640	TCATTCACCTTGTTTCTTTCTTTAAAAAGAGGAAGAGGAAAAAAAAAATTTCGTGTAATGCGAGAAGAACAAATAGGGAAGTGATAACAATAGTATCAATAACAGGCTGCAATCGGGGCAATTAAGCATCAGAAGAGGGGAATTTGATGCG
chrIII	252694	2640	TCATTCACCTTGTTTCTTTCTTTAAAAAGAGGAAGAGGAAAAAAAAAATTTCGTGTAATGCGAGAAGAACAAATAGGGAAGTGATAACAATAGTATCAATAACAGGCTGCAATCGGGGCAATTAAGCATCAGAAGAGGGGAATTTGATGCG
chrIII	252694	2640	TCATTCTCCTTGTTTCTTTCTTTAAAAAGAGGAAGAGGAAAAAAAAAATTTCGTGTAATGCGAGAAGAACAAATAGGGAAGTGATAACAATAGTAACAATAACAGGCTCCAATCGGGGCAATTAAGCATCAGAAGAGGGGAATTTGATGCG
chrIII	252694	2640	TCATTCACCTTGTTTCTTTCTTTAAAAAGAGGAAGAGGAAAAAAAAAATTTCGTGTAATGCGAGAAGAACAAATAGGGAAGTGATAACAATAGTATCAATAACAGGCTGCAATCGGGGCAATTAAGCATCAGAAGAGGGGAATTTGATGCG
chrIII	252696	2640	ATTCACCTTGTTTCTTTCTTTAAAAAGAGGAAGAGGAAAAAAAAAATTTCGTGTAATGCGAGAAGAACAAATAGGGAAGTGATAACAATAGTATCAATAACAGGCTGCAATCGGGGCAATTAAGCATCAGAAGAGGGGAATTTGATGCGGC
chrIII	252700	7530	ACCTTGTTTCTTTCTTTAAAAAGAGGAAGAGGAAAAAAAAAATTTCGTGTAATGCGAGAAGAACAAATAGGGAAGTGATAACAATAGTATCAATAACAGGCTGCAATAGGGGCAATTAAGCATCAGAAGAGGGGAATTTGATGCGGCTGGG
chrIII	252700	1410	ACATTGTTTCTTTCATTAAAAAGAGGAAGATGAAAAAAAAAATTTCGTGTAATGCTAGAAGAACAAATAGATAAGTGATAACAATAGTATAAATAACAGTCTTCAATCGGGGAAAATAAGCATCAGAAGAGGGGAATTTAATGAGGATGGG
chrIII	252701	70	CCTTGTTTCTTTCTTTAAAAAGAGGAAGAGGAAAAAAAAAATTTCGTGTAATGCGAGAAGAACAAATAGGGAAGTGATAACAATAGTATCAATAACAGGCTGCAATCGGGGCAATTAAGCATCAGAAGAGGGGAATTTGATGCGGCTGGGG
chrIII	252701	70	CCTTGTTTCTTTCTTTAAAAAGAGGAAGAGGAAAAAAAAAATTTCGTGTAATGCGAGAAGAACAAATAGGGAAGTGATAACAATAGTATCAATAACAGGCTGCAATCGGGGCAATTAAGCATCAGAAGAGGGGAATTTGATGCGGCTGGGG
chrIII	252701	7530	CCTTGTTTCTTTCTTTAAAAAGAGGAAGAGGAAAAAAAAAATTTCGTGTAATGCGAGAAGAACAAATAGGGAAGTGATAACAATAGTATCAATAACAGGCTGCAATCGGGGCAATTAAGCATCAGAAGAGGGGAATTTGATGCGGCTGGGG
chrIII	252703	7530	TTGTTTCTTTCTTTAAAAAGAGGAAGAGGAAAAAAAAAATTTCGTGTAATGCGAGAAGAACAAATAGGGAAGTGATAACAATAGTATCAATAACAGGCTGCAATCGGGGCAATTAAGCATCAGAAGAGGGGAATTTGATGCGGCTGGGGAA
chrIII	252704	2640	TGTTTCTTTCTTTAAAAAGAGGAAGAGGAAAAAAAAAATTTCGTGTAATGCGAGCAGAACACATTGGGAAGTGATAACACTAGTTTCAATAACATGCTGCAATCGGGGCAATTATGCATCAGAAGAGGGGAATTTGATGCGGCGTGGGAAT
chrIII	252704	5150	TGTTTCTTTCTTTAAAAAGAGGAAGAGGAAAAAAAAAATTTCGTGTAATGCTAGAAGAACAAATAGGGAAGTGATAACAATAGTATCAATAACAGGCTGCAATCGGGGCAATTAAGCATCAGAAGAGGGGAATTTGATGCGGCTGGGGAA
chrIII	252704	10150	TGTTTCTTTCTTTAAAAAGAGGAAGAGGAAAAAAAAAATTTCGTGTAATGAGAGAAGAACAAATAGGGAAGTGATAACAATAGTATCAATAACAGGCTGCAATCGGGGCAATTAAGCATCAGAAGAGGGGAATTTGATGAGGCTGGGGAAT
chrIII	252705	7530	GTTTCTTTCTTTAAAAAGAGGAAGAGG-AAAAAAAAATTTCGTGTAATGCGAGAAGAACAAATAGGGAAGTGATAACAATAGTATCAATAACAGGCTGCAATCGGGGCAATTAAGCATCAGAAGAGGGGAATTTGATGCGGCTGGGGAATG
chrIII	252707	2640	TTCTTTCTTTAAAAAGAGGAAGAGGAAAAAAAAAATTTCGTGTAATGCGAGAAGAACAAATAGGGAAGTGATAACAATAGTATCAATAACAGGCTGCAATCGGGGCAATTAAGCATCAGAAGAGGGGAATTTGATGCGGCTGGGGAATGCT
chrIII	252707	1410	TTCTTTCTTTAAAAAGAGGAAGAGGAAAAAAAAAATTTCGTGTAATGCGAGAAGAACAAATAGGGAAGTGATAACAATAGTATCAATAACAGGCTGCAATAGGGGCAATTAAGCATCAGAAGAGGGGAATTTGATGCGGCTGGGGAATGC
chrIII	252709	7530	CTTTCTTGAAAAAGAGGAAGAGGAAAAAAAAAATTTCGTGTAATGCGAGAAGAACAAATAGGGAAGTGATAACAATAGTATCAATAACAGGCTGCAATCGGGGCAATTAAGCATCAGAAGAGGGGAATTTGATGCGGCTGGGGAATGCTTA
chrIII	252711	70	TTCTTTAAAAAGAGGAAGAGGAAAAAAAAAATTTCGTGTAATGCGAGAAGAACAAATAGGGAAGTGATAACAATAGTATCAATAACAGGCTGCAATCGGGGCAATTAAGCATCAGAAGAGGGGAATTTGATGCGGCTGGGGAATGCTTATG
chrIII	252711	7530	TTCTTTAAAAAGAGGAAGAGGAAAAAAAAAATTTCGTGTAATGCGAGAAGAACAACTAGGGAAGTGATAACAATAGTATCAATAACAGGCTGCAATAGGGGCAATTAAGCATCAGAAGAGGGGAATTTGATGCGGCTGGGGAATGCTTATG
chrIII	252711	70	TACTTTAAAAAGAGGAAGAGGAAAAAAAAAATTTCGTGTAATGCGAGAAGAACAAATAGGGAAGTGATAACAATAGTATCAATAACAGGCTGCAATCGGGGCAATTAAGCATCAGAAGAGGGGAATTTGATGCGGCTGGGGAATGCTTATG
chrIII	252711	2640	TTCTTTAAAAAGAGGAAGAGGAAAAAAAAAATTTCGTGTAATGCGAGAAGAACAAATAGGGAAGTGATAACAATAGTATCAATAACAGGCTGCAATCGGGGCAATTAAGCATCAGAAGAGGGGAATTTGATGCGGCTGGGGAATGCTTATG
chrIII	252712	7530	TCTTTAAAAAGAGGAAGAGGAAAAAAAAAATTTCGTGTAATGCGAGAAGAACAAATAGGGAAGTGATAACAATAGTATCAATAACAGGCTGCAATAGGGGCAATTAAGCATCAGAAGAGGGGAATTTGATGCGGCTGGGGAATGCTTATGC
chrIII	252713	70	CTTTAAAAAGAGGAAGAGGAAAAAAAAAATTTCGTGTAATGCGAGAAGAACAAATAGGGAAGTGATAACAATAGTATCAATAACAGGCTGCAATCGGGGCAATTAAGCATCAGAAGAGGGGAATTTGATGCGGCTGGGGAATGCTTATGCG
chrIII	252713	2640	CTTTAAAAAGAGGAAGAGGAAAAAAAAAATTTCGTGTAATGCGAGAAGAACAAATAGGGAAGTGATAACAATAGTATCAATAACAGGCTGCAATCGGGGCAATTAAGCATCAGAAGAGGGGAATTTGATGCGGCTGGGGAATGCTTATGCG
chrIII	252713	5150	CTTTAAAAAGAGGAAGAGGAAAAAAAAAATTTCGTGTAATGCGAGAAGAACAAATAGGGAAGTGATAACAATAGTATCAATAACAGGCTGCAATAGGGGCAATTAAGCATCAGAAGAGGGGAATTTGATGCGGCTGGGGAATGCTTATGCG
chrIII	252713	70	CTTTAAAAAGAGGAAGAGGAAAAAAAAAATTTCGTGTAATGCGAGAAGAACAAATAGGGAAGTGATAACAATAGTATCAATAACAGGCTGCAATCGGGGCAATTAAGCATCAGAAGAGGGGAATTTGATGCGGCTGGGGAATGCTTATGCG
chrIII	252714	2640	TTTAAAAAGAGGAAGAGGAAAAAAAAAATTTCGTGTAATGCGAGAAGAACAAATAGGGAAGTGATAACAATAGTATCAATAACAGGCTGCAATCGGGGCAATTAAGCATCAGAAGAGGGGAATTTGATGCGGCTGGGGAATGCTTATGCGT
chrIII	252714	70	TTTAAAAAGAGGAAGAGGAAAAAAAAAATTTCGTGTAATGCGAGAAGAACAAATAGGGAAGTGATAACAATAGTATCAATAACAGGCTGCAATCGGGGCAATTAAGCATCAGAAGAGGGGAATTTGATGCGGCTGGGGAATGCTTATGCGT
chrIII	252715	5150	TTAAAAAGAGGAAGAGGAAAAAAAAAATTTCGTGTAATGCGAGAAGAACAAATAGGGAAGTGATAACAATAGTATCAATAACAGGCTGCAATCGGGGCAATTAAGCATCAGAAGAGGGGAATTTGATGCGGCTGGGGAATGCTTATGC
chrIII	252715	5150	TTAAAAAGAGGAAGAGGAAAAAAAAAATTTCGTGTAATGCGAGAAGAACAAATAGGGAAGTGATAACAATAGTATCAATAACAGGCTGCAATCGGGGCAATTAAGCATCAGAAGAGGGGAATTTGATGCGGCTGGGGAATGCTTATGCGT
chrIII	252717	7530	(CAC)AAAAACAGGAAGAGGAAAAAAAAAATTTCGAGTACTGCGAGAAGAACAAATAGGGAAGTGATAACAATAGTATCAATAACAGGCTGCAATCGGGGCAATTAAGCATCAGAAGAGGGGAATTTGATGCGGCTGGGGAATGCTTATGCGT
chrIII	252717	5150	AAAAAGAGGAAGAGGAAAAAAAAAATTTCGTGTAATGCGAGAAGAACAAATAGGGAAGTGATAACAATAGTATCAATAACAGGCTGCAATCGGGGCAATTAAGCATCAGAAGAGGGGAATTTGATGCGGCTGGGGAATGCTTATGCGTAT
chrIII	252718	7530	(TAGTATCTATCATAT)AAAAGAGGAAGATTAAAAAAAAACTTTCGTGTAATGCGAGACGAACAAAGAGGGATGTGAACACACTAGGATCAATAACAGGCATCAATCGGGGCAATTAAGCATCACAAGAGGGGAATTTGATGCGGCTGGGGAC
chrIII	252721	2640	AGAGGAAGAGG-AAAAAAAAATTTCGTGTAATGCGAGAAGAACAAATAGGGAAGTGATAACAATAGTATCAATAACAGGCTGCAATCGGGGCAATTAAGCATCAGAAGAGGGGAATTTGATGCGGCTGGGGAATGCTTATGCGTATTGCAAG
chrIII	252722	2640	GAGGAAGAGGAAAAAAAAAATTTCGTGTAATGCGAGAAGAACAAATAGGGAAGTGATAACAATAGTATCAATAACAGGCTGCAATCGGGGCAATTAAGCATCAGAAGAGGGGAATTTGATGCGGCTGGGGAATGCTTATGCGTATTGCAAG
chrIII	252722	5150	GAGGAAGAGGAAAAAAAAAATTTCGTGTAATGCGAGAAGAACAAATAGGGAAGTGATAACAATAGTATCAATAACAGGCTGCAATAGGGGCAATTAAGCATCAGAAGAGGGGAATTTGATGCGGCTGGGGAATGCTTATGCGTATTGCA
chrIII	252722	1410	GAGGAAGAGGAAAAAAAAAATTTCGTGTAATGCGAGAAGAACAAATAGGGAAGTGATAACAATAGTATCAATAACAGGCTGCAATCGGGGCAATTAAGCATCAGAAGAGGGGAATTTGATGCGGCTGGGGAATGCTTATGCGTATTGCA
chrIII	252723	5150	AGGAAGAGCAAAAAAAAAATTTCGTGTAATGCGAGAAGAACAAATAGGGAAGTGATAACAATAGTATCAATAACAGGCTGCAATCGGGGCAATTAAGCATCAGAAGAGGGGAATTTGATGCGGCTGGGGAATGCTTATGCGTATTGCAAGC
chrIII	252725	5150	GAAGAGGAAAAAAAAAATTTCGTGTAATGCGAGAAGAACAAATAGGGAAGTGATAACAATAGTATCAATAACAGGCTGCAATAGGGGCAATTAAGCATCAGAAGAGGGGAATTTGATGCGGCTGGGGAATGCTTATGCGTATTGCAAGCCG
chrIII	252729	5150	(TTAAAAATTGTAAT)AGGAAAAAATATATTTCGTGTAATGCGAGAAGAACTAATATGGAAGTGATAACAATAGTATCAATAACAGTCTGAAATGGGGGCTTTTAAGCATCAGAAGAGGGGTAGTTGATGCGGCTGGGGAATGCTTATGG
chrIII	252732	5150	(ATTGTTTTTTTTATTTACCTTTTTTTTTTTTTTAAAAACCTGTATCAGC)AAAAAAAAAATTTCGTGTAATGCGAGAAGAACAAATAGGGAAGTGATAACAATAGTATCAATAACAGGCTGCAATCGGGGCAATTAAGCATCAGAAGAGGGG
chrIII	252734	7530	AAAAAAAATTTCGTGTAATGCGAGAAGAACAAATAGGGTAGTGATAACAATAGTATCAATAACAGGCTGCAATCGGGGCAATTAAGCATCATAAGAGGGGAATTTGATGAGGCTGGGGAATGCTTATGCGTATTGCAAGCCGTCGCAAAAT
chrIII	252734	70	AAAAAAAATTTCGTGTAATGCGAGAAGAACAAATAGGGAAGTGATAACAATAGTATCAATAACAGGCTGCAATCGGGGCAATTAAGCATCAGACGAGGGGAATTTGATGCGGCTGGGGAATGCTTATGCGTATTGCAAGCCGTCGCAAAAT
chrIII	252735	2640	(TTCACGCGGTACTTGTTGCTTTCCATTCCCTTTTCGTCTTTTCTTAAAAATCGTAACTGTAAT)AAAAATATTTCGTGTAATGCGAGAAGAACAAATAGGGAAGTGATAACAATAGGATCAATAACCGGCTGCAATCGGGGCAATTAAGCAT
chrIII	252736	2640	AAAAAATTTCGTGTAATGCGAGAAGAACAAATAGGGAAGTGATAACAATAGTATCAATAACAGGCTGCAATCGGGGCAATTAAGCATCAGAAGAGGGGAATTTGATGCGGCTGGGGAATGCTTATGCGTATTGCAAGCCGTCGCAAAATGT
chrIII	252736	2640	AAAAAATTTCGTGTAATGCGAGAAGAACAAATAGGGAAGTGATAACAATAGTATCAATAACAGGCTGCAATCGGGGCAATTAAGCATCAGAAGAGGGGAATTTGATGCGGCTGGGGAATGC
chrIII	252736	2640	AAAAAATTTCGTGTAATGCGAGAAGAACAAATAGGGAAGTGATAACAATAGTATCAATAACAGGCTGCAATCGGGGCAATTAAGCATCAGAAGAGGGGAATTTGATGCGGCTGGGGAATGC
chrIII	252736	70	AAAAAATTTCGTGTAATGCGAGAAGAACAAATAGGGAAGTGATAACAATAGTATCAATAACAGGCTGCAATCGGGGCAATTAAGCATCAGAAGAGGGGAATTTGATGCGGCTGGGGAATGCTTATGCGTATTGCAAGCCGTCGCAAAATGT
chrIII	252736	70	AAAAAATTTCGTGTAATGCGAGAAGAACAAATAGGGAAGTGATAACAATAGTATCAATAACAGGCTGCAATCGGGGCAATTAAGCATCAGAAGAGGGGAATTTGATGCGGCTGGGGAATGCTTATGCGTATTGCAAGCCGTCGCAAAATGT
chrIII	252741	2640	ATTTCGTGTAATGCGAGAAGAACAAATAGGGAAGTGATAACAATAGTATCAATAACAGGCTGCAATCGGGGCAATTAAGCATCAGAAGAGGGGAATTTGATGCGGCTGGGGAATGCTTATGCGTATTGCAAGCCGTCGCAAAATGTTGGGC
chrIII	252741	1410	ATTTCGTGTAATGCGAGAAGAACAAATAGGGAAGTGATAACAATAGTATCAATAACAGGCTGCAATCGGGGCAATTAAGCATCAGAAGAGGGGAATTTGATGCGGCTGGGGAATGCTTATGCGTATTGCAAGCCGTCGCAAAAAGTTGGGC
chrIII	252742	2640	TTTCGTGTAATGCGAGAAGAACAAATAGGGAAGTGATAACAATAGTATCAATAACAGGCTGCAATCGGGGCAATTAAGCATCAGAAGAGGGGAATTTGATGCGGCTGGGGAATGCTTATGCGTATTGCAAGCCGTCGCAAAATGTTGGG
chrIII	252748	10150	GTAATGCGAGAAGAACAAATTGGGAAGTGATAACAATAGTATCAATAACAGGCTGCAATAGGGGCATTTAAGCATCAGAAGAGGGGAATTTGATGCGGCTGGGGAATGCTTATGCGTATTGCAAGCCGTCGCAAAATGTTGGGCTGAAGC
chrIII	252752	2640	TGCGAGAAGAACAAATAGGGAACTGATAACAATAGTATCAATAACAGGCTGCAATCGGGGCCATTAAGCATCATAAGAGGGGAATTTGATGCGGCTGGGGAATGCTTATGCGTATTGCAAGCCGTCGCAAAATGTTGGGCTGAAGCTGGAC
chrIII	252752	7530	TGCGAGAAGAACAAATAGGGAAGTGATAACAATAGTATCAATAACAGGCTGCAATAGGGGCAATTAAGCATCAGAAGAGGGGAATTTGATGCGGCTGGGGAATGCTTATGCGTATTGCAAGCCGTCGCAAAATGTTGGGCTGAAGCTGGAC
chrIII	252752	70	TGCGAGAAGAACAAATAGGGAAGTGATAACAATAGTATCAATAACAGGCTGCAATCGGGGCAATTAAGCATCAGTAGAGGGGAATTTGATGCGGCTGGGGAATGCTTATGCGTATTGCAAGCCGTCGCAAAATGTTGGGCTGAAGCTGGAC
chrIII	252753	5150	GCGAGAAGAACAAATAGGGAAGTGATAACAATAGTATCAATAACAGGCTGCAATAGGGGCAATTAAGCATCAGAAGAGGGGAATTTGATGCGGCTGGGGAATGCTTATGCGTATTGCAAGCCGTCGCAAAATGTTGGGCTGAAGCTGGACT
chrIII	252754	2640	CGAGAAGAACAAATAGGGAAGTGATAACAATAGTATCAATAACAGGCTGCAATCGGGGCAATTAAGCATCAGAAGAGGGGAATTTGATGCGGCTGGGGAATGCTTATGCGTATTGCAAGCCGTCGCAAAATGTTGGGCTGAAGCTGGACT
chrIII	252754	7530	CGAGATGAACTAATAGGGAAGTGATAACATGAGTATCAATAACAGGCTGCAATAGGGGCAATTAAGCATCAGACGACGGGAATTTGATGCGGCTGGGGAATGCTTATGCGTATTGCAAGCCGTCGCAAAATGTTGGGCTGAAGCTGGACT
chrIII	252754	2640	CGAGAAGAACAAATAGGGAAGTGATAACAATAGTATCAATAACAGGCTGCAATCGGGGCAATTAAGCATCAGAAGAGGGGAATTTGATGCGGCTGGGGAATGCTTATGCGTATTGCAAGCCGTCGCAAAATGTTGGGCTGAAGCTGGACT
chrIII	252755	1410	GAGAAGAACAAATAGGGAAGTGATAACAATAGTATCAATAACAGGCTGCAATCGGGGCAATTAAGCATCAGAAGAGGGGAATTTGATGCGGCTGGGGAATGCTTATGCGTATTGCAAGCCGTCGCAAAATGTTGGGCTGAAGCTGGACTTG
chrIII	252758	7530	AAGAACAAATAGGGAAGTGATAACAATAGTATCAATAACAGGCTGCAATCGGGGCAATTAAGCATCAGAAGAGGGGAATTTGATGCGGCTGGGGAATGCTTATGCGTATTGCAAGCCGTCGCAAAATGTTGGGCTGAAGCTGGACTTGTT
chrIII	252758	2640	AAGAACAAATAGGGAAGTGATAACAATAGTATCAATAACAGGCTGCAATCGGGGCAATTAAGCATCAGAAGAGGGGAATTTGATGCGGCTGGGGAATGCTTATGCGTATTGCAAGCCGTCGCAAAATGTTGGGCTGAAGCTGGACTTGTTA
chrIII	252760	70	GAACAAATAGGGAAGTGATAACAATAGTATCAATAACAGGCTGCAATCGGGGCAATTAAGCATCAGAAGAGGGGAATTTGATGCGGCTGGGGAATGCTAATGCGGATTGCAAGCCGTCGCTAAATGTTGGGCTGAAGCTGGACTTGTTACG
chrIII	252760	70	GAACAAATAGGGAAGTGATAACAATAGTATCAATAACAGGCTGCAATCGGGGCAATTAAGCATCAGAAGAGGGGAATTTGATGCGGCTGGGGAATGCTTATGCGTATTGCAAGCCGTCGCAAAATGTTGGGCTGAAGCTGGACTTGTTACG
chrIII	252760	2640	GAACAAATAGGGAAGTGATAACAATAGTATCAATAACAGGCTGCAATCGGGGCAATTAAGCATCAGACGAGGGGAATTTGATGCGGCTGGGGAATGCTTATGCGTATTGCAAGCCGTCGCAAAATGTTGGGCTGAAGCTGGACTTGTTACG
chrIII	252761	7530	ACCAAATAGCGAACTCATAACAATAGTATCAATATCAGGCGTCAATCGCGGCAATTAAGCATCAGAAGAGGGGAATTTGAAGCGGCTGGGGAATGCTTATGCGTATTGCAAGCCGTCGCAAAAAGTTGGGCAGAAGCTGGACTTGTTACG
chrIII	252762	1410	ACAAATAGGGAAGTGATAACAATAGTATCAATAACAGGCTGCAATCGGGGCAATTAAGCAACAGAAGAGGGGAATTTGATGCGGCTGGGGAATGCTTATGCGTATTGCAAGCCGTCGCAAAATGTTGGGCTGAAGCTGGACTTGTTACGGG
chrIII	252763	10150	CAAATAGGGAAGTGATAACAATAATATCAATAATAGGCTGCAATCGGGGCAATTAAGCATCAGAAGAGGGGAATTTGATGCGGCTGGGGAATGCTTATGCGTATTGCAAGCCGTCGCAAAATGTTGGGCTG
chrIII	252763	7530	CAAATAGGGAAGTGATAACAATAGTATCAATAACAGGCTGCAATCGGGGCAATTAAGCATCAGAAGAGGGGAATTTGATGCGGCTGGGGAATGCTTATGCGTATTGCAAGCCGTCGCAAAATGTTGGGCTGAAGCTGGACTTGTTACGGGG
chrIII	252763	10150	CAAATAGGGAAGTGATAACAATAATATCAATAATAGGCTGCAATCGGGGCAATTAAGCATCAGAAGAGGGGAATTTGATGCGGCTGGGGAATGCTTATGCGTATTGCAAGCCGTCGCAAAATGTTGGGCTG
chrIII	252763	70	CAAATAGGGAAGTGATAACAATAGTATCAATAACAGGCTGCAATCGGGGCAATTAAGCATCAGAAGAGGGGAATTTGATGCGGCTGGGGAATGCTTATGCGTATTGCAAGCCGTCGCAAAATGTTGGGCTGAAGCTGGACTTGTTACGGGG
chrIII	252771	10150	GAAGTGATAACAATAGTATCAATAACAGGCTGCAATCGGGGCAATTAAGCATCAGAAGAGGGGAATTTGATGCGGCTGGGGAATGCTTATGCGTATTGCAAGCCGTCGCAAAATGTTGGGCTGAAGCTGGACTTGTTACGGGGTCTTCCAG
chrIII	252772	7530	AAGTGATAACAATAGTATCAATAACAGGCTGCAATAGGGGCAATTAAGCATCAGAAGAGGGGAATTTGATGCGGCTGGGGAATGCTTATGCGTATTGCAAGCCGTCGCAAACTGTTGGGCTGAAGCTGGACTTGTTACGGGGTCTTCCAG
chrIII	252773	1410	CGTGATAACAATAGTATCCATAACAGGCTGCAATCGGGGCAATTAAGCATCAGAAGAGGGGAATTTGATGCGGCTGGGGAATGCTTATGCGTATTGCAAGCCGTCGCAAAATGTTGGGCTGAAGCTGGACTTGTTACGGGGTCTTCCAGGG
chrIII	252773	5150	AGTGATAACAATAGTATCAATAACAGGCTGCAATAGGGGCAATTAAGCATCAGAAGAGGGGAATTTGATGCGGCTGGGGAATGCTTATGCGTATTGCAAGCCGTCGCAAAATGTTGGGCTGAAGCTGGACTTGTTACGGGGTCTTCCAGGG
chrIII	252773	5150	AGTGATAACAATAGTATCAATAACAGGCTGCAATCGGGGCAATTAAGCATCAGAAGAGGGGAATTTGATGCGGCTGGGGAATGCTTATGCGTATTGCAAGCCGTCGCAAAATGTTGGGCTGAAGCTGGACTTGTTACGGGGTCTTCCAGGG
chrIII	252774	5150	GTGATAACAATAGTATCAATAACAGGCTGCAATAGGGGCAATTAAGCATCAGAAGAGGGGAATTTGATGCGGCTGGGGAATGCTTATGCGTATTGCAAGCCGTCGCAAAATGTTGGGCTGAAGCTGGACTTGTTACGGGGTCTTCCAGGGT
chrIII	252774	70	GTGATAACAATAGTATCAATAACAGGCTGCAATCGGGGCAATTAAGCATCAGAAGAGGGGAATTTGATGCGGCTGGGGAATGCTTATGCGTATTGCAAGCCGTCGCAAAATGTTGGGCTGAAGCTGGACTTGTTACGGGGTCTTCCAGGGT
chrIII	252774	1410	GTGATAACAATAGTATCAATAACAGGCTGCAATCGGGGCAATTAAGCATCAGAAGAGGGGAATTTGATGCGGCTGGGGAATGCTTATGCGTATTGCAAGCCGTCGCAAAATGTTGGGCTGAAGCTGGACTTGTTACGGGGTCTTCCAGGGT
chrIII	252774	70	GTGATAACAATAGTATCAATAACAGGCTGCAATCGGGGCAATTAAGCATCAGAAGAGGGGAATTTGATGCGGCTGGGGAATGCTTATGCGTATTGCAAGCCGTCGCAAAATGTTGGGCTGAAGCTGGACTTGTTACGGGGTCTTCCAGGGT
chrIII	252775	7530	TGATAACAATAGTATCAATAACAGGCTGCAATAGGGGCAATTAAGCATCAGAAGAGGGGAATTTGATGCGGCTGGGGAATGCTTATGCGTATTGCAAGCCGCCGCAAAATGTTGGGCTGAAGCTGGACTTGTTACGGGGTCTTCCAGGG
chrIII	252775	7530	TGATAACAATAGTATCAATAACAGGCTGCAATAGGGGCAATTAAGCATCAGAAGAGGGGAATTTGATGCGGCTGGGGAATGCTTATGCGTATTGCAAGCCGTCGCAAAATGTTGGGCTGAAGCTGGACTTGTTACGGGGTCTTCCAGGGT
chrIII	252775	7530	TGATAACAATAGTATCAATAACAGGCTGCAATAGGGGCAATTAAGCATCAGAAGAGGGGAATTTGATGCGGCTGGGGAATGCTTATGCGTATTGCAAGCCGTCGCAAAATGTTGGGCTGAAGCTGGACTTGTTACGGGGTCTTCCAGGG
chrIII	252775	7530	TGATAACAATAGTATCAATAACAGGCTGCAATAGGGGCAATTAAGCATCAGAAGAGGGGAATTTGATGCGGCTGGGGAATGCTTATGCGTATTGCAAGCCGTCGCAAAATGTTGGGCTGAAGCTGGACTTGTTACGGGGTCTTCCAGGG
chrIII	252775	2640	TGATAACAATAGTATCAATAACAGGCTGCAATCGGGGCAATTAAGCATCAGAAGAGGGGAATTTGATGCGGCTGGGGAATGCTTATGCGTATTGCAAGCCGTCGCAAAATGTTGGGCTGAAGCTGGACTTGTTACGGGGTCTTCCAGGGT
chrIII	252775	2640	TGATAACAATAGTATCAATAACAGGCTGCAATCGGGGCAATTAAGCATCAGAAGAGGGGAATTTGATGCGGCTGGGGAATGCTTATGCGTATTGCAAGCCGTCGCAAAATGTTGGGCTGAAGCTGGACTTGTTACGGGGTCTTCCAGGG
chrIII	252775	7530	TGATAACAATAGTATCAATAACAGGCTGCAATAGGGGCAATTAAGCATCAGAAGAGGGGAATTTGATGCGGCTGGGGAATGCTTATGCGTATTGCAAGCCGTCGCAAAATGTTGGGCTGAAGCTGGACTTGTTACGGGGTCTTCCAGGGT
chrIII	252775	7530	TGATAACAATAGTATCAATAACAGGCTGCAATAGGGGCAATTAAGCATCAGAAGAGGGGAATTTGATGCGGCTGGGGAATGCTTATGCGTATTGCAAGCCGTCGCAAAATGTTGGGCTGAAGCTGGACTTGTTACGGGGTCTTCCAGGG
chrIII	252775	2640	TGATAACAATAGTATCAATAACAGGCTGCAATCGGGGCAATTAAGCATCAGAAGAGGGGAATTTGATGCGGCTGGGGAATGCTTATGCGTATTGCAAGCCGTCGCAAAATGTTGGGCTGAAGCTGGACTTGTTACGGGGTCTTCCAGGG
chrIII	252775	2640	TGATAACAATAGTATCAATAACAGGCTGCAATCGGGGCAATTAAGCATCAGAAGAGGGGAATTTGATGCGGCTGGGGAATGCTTATGCGTATTGCAAGCCGTCGCAAAATGTTGGGCTGAAGCTGGACTTGTTACGGGGTCTTCCAGGGT
chrIII	252775	70	TGATAACAATAGTATCAATAACAGGCTGCAATCGGGGCAATTAAGCATCAGAAGAGGGGAATTTGATGCGGCTGGGGAATGCTTATGCGTATTGCAAGCCGTCGCAAAATGTTGGGCTGAAGCTGGACTTGTTACGGGGTCTTCCAGGG
chrIII	252776	7530	GATAACAATAGTATCAATAACAGGCTGCAATAGGGGCAATTAAGCATCAGAAGAGGGGAATTTGATGCGGCTGGGGAATGCTTATGCGTATTGCAAGCCGTCGCAAAATGTTGGGCTGAAGCTGGACTTGTTACGGGGTCTTCCAGGGTA
chrIII	252776	5150	GATAACAATAGTATCAATAACAGGCTGCAATCGGGGCAATTAAGCATCAGAAGAGGGGAATTTGATGCGGCTGGGGAATGCTTATGCGTATTGCAAGCCGTCGCAAAATGTTGGGCTGAAGCTGGACTTGTTACGGGGTCTTCCAGGGTAC
chrIII	252776	5150	GATAACAATAGTATCAATAACAGGCTGCAATAGGGGCAATTAAGCATCAGAAGAGGGGAATTTGATGCGGCCGGGGAATGCTTATGCGTATTGCAAGCCGTCGCAAAATGTTGGGCTGAAGCTGGACTTGTTACGGGGTCTTCCAGGGTAC
chrIII	252776	1410	GATAACAATAGTATCAATAACAGGCTGCAATCGGGGCAATTAAGCATCAGAAGAGGGGAATTTGATGCGGCTGGGGAATGCTTATGCGTATTGCAAGCCGTCGCAAAATGTTGGGCTGAAGCTGGACTTGTTACGGGGTCTTCCAGGGTA
chrIII	252776	70	GATAACAATAGTATCAATAACAGGCTGCAATCGGGGCAATTAAGCATCAGAAGAGGGGAATTTGATGCGGCTGGGGAATGCTTATGCGTATTGCAAGCCGTCGCAAAATGTTGGGCTGAAGCTGGACTTGTTACGGGGTCTTCCAGGGTA
chrIII	252776	5150	GATAACAATAGTATCAATAACAGGCTGCAATAGGGGCAATTAAGCATCAGAAGAGGGGAATTTGATGCGGCTGGGGAATGCTTATGCGTATTGCAAGCCGTCGCAAAATGTTGGGCTGAAGCTGGACTTGTTACGGGGTCTTCCAGGGTAC
chrIII	252778	7530	TAACAATAGTATCAATAACAGGCTGCAATCGGGGCAATTAAGCATCAGAAGAGGGGAATTTGATGCGGCTGGGGAATGCTTATGCGTATTGCAAGCCGTCGCAAAATGTTGGGCTGAAGCTGGACTTGTTACGGGGTCTTCCAGGGTACGT
chrIII	252778	7530	TAACAATAGTATCAATAACAGGCTGCAATCGGGGCAATTAAGCATCAGAAGAGGGGAATTTGATGCGGCTGGGGAATGCTTATGCGTATTGCAAGCCGTCGCAAAATGTTGGGCTGAAGCTGGACTTGTTACGGGGTCTTCCAGGGTACGT
chrIII	252778	7530	TAACAATAGTATCAATAACAGGCTGCAATCGGGGCAATTAAGCATCAGAAGAGGGGAATTTGATGCGGCTGGGGAATGCTTATGCGTATTGCAAGCCGTCGCAAAATGTTGGGCTGAAGCTGGACTTGTTACGGGGTCTTCCAGGGTACGT
chrIII	252778	2640	TAACAATAGTATCAATAACAGGCTGCAATCGGGGCAATTAAGCATCAGAAGAGGGGAATTTGATGCGGCTGGGGAATGCTTATGCGTATTGCAAGCCGTCGCAAAATGTTGGGCTG
chrIII	252778	2640	TAACAATAGTATCAATAACAGGCTGCAATCGGGGCAATTAAGCATCAGAAGAGGGGAATTTGATGCGGCTGGGGAATGCTTATGCGTATTGCAAGCCGTCGCAAAATGTTGGGCTG
chrIII	252778	2640	TAACAATAGTATCAATAACAGGCTGCAATCGGGGCAATTAAGCATCAGAAGAGGGGAATTTGATGCGGCTGGGGAATGCTTATGCGTATTGCAAGCCGTCGCAAAATGTTGGGCTG
chrIII	252778	2640	TAACAATAGTATCAATAACAGGCTGCAATCGGGGCAATTAAGCATCAGAAGAGGGGAATTTGATGCGGCTGGGGAATGCTTATGCGTATTGCAAGCCGTCGCAAAATGTTGGGCTG
chrIII	252778	5150	TAACAATAGTATCAATAACAGGCTGCAATCGGGGCAATTAAGCATCAGAAGAGGGGAATTTGATGCGGCTGGGGAATGCTTATGCGTATTGCAAGCCGTCGCAAAATGTTGGGCTGAAGCTGGACTTGTTACGGGGTCTTCCAGGGTACGT
chrIII	252779	2640	AACAATAGTATCAATAACAGGCTGCAATCGGGGCAATTAAGCATCAGAAGAGGGGAATTTGATGCGGCTGGGGAATGCTTATGCGTATTGCAAGCCGTCGCAAAATGTGGGGCTGAAGCTGGACTTGTTACGGGGTCTTCCAGGGTACGTG
chrIII	252781	2640	CAATAGTATCAATAACAGGCTGCAATCGGGGCAATTAAGCATCAGAAGAGGGGAATTTGATGCGGCTGGGGAATGCTTATGCGTATTGCAAGCCGTCGCAAAATGTTGGGCTGAAGCTGGACTTGTTACGGGGTCTTCCAGGGTACGTGGG
chrIII	252781	1410	CAATAGTATCAATAACAGGCTGCAATCGGGGCAATTAAGCATCAGAAGAGGGGAATTTGATGCGGCTGGAGAATGCTTATGCGTATTGCAAGCCGTCGCAAAATGTTGGGCTGAAGCTGGACTTGTTACGGGGTCTTCCAGGGTACGTGGG
chrIII	252781	2640	CAATAGTATCAATAACAGGCTGCCAGCGGGGCAATTATGCAGCTGAAGAGCGGAATTTGATGCGGCTGGGGAATGCTGATGCGTAGGGCAAGCCGTCGCCGACTGTGGGGCTGAAGCTGGACTTGTTACGGGGTCTTCGAGGGTACGGGGG
chrIII	252781	2640	CAATAGTATCAATAACAGGCTGCAATCGGGGCAATTAAGCATCAGAAGAGGGGAATTTGATGCGGCTGGGGAATGCTTATGCGTATTGCAAGCCGTCGCAAAATGT
chrIII	252781	2640	CAATAGTATCAATAACAGGCTGCAATCGGGGCAATTAAGCATCAGAAGAGGGGAATTTGATGCGGCTGGGGAATGCTTATGCGTATTGCAAGCCGTCGCAAAATGT
chrIII	252781	1410	CAATAGTATCAATAACAGGCTGCAATCGGGGCAATTAAGCATCAGAAGAGGGGAATTTGATGCGGCTGGGGAATGCTTATGCGTATTGCACGCCGTCGCAAAATGTTGGGCTGACGCTGGCCGTGTTACGGGGTCTTCCAGGGTACGTGGG
chrIII	252781	5150	CAATAGTATCAATAACAGGCTGCAATAGGGGCAATTAAGCATCAGAAGAGGGGAATTTGATGCGGCTGGGGAATGCTTATGCGTATTGCAAGCCGTCGCAAAATGTTGGGCTGAAGCTGGACTTGTTACGGGGTCTTCCAGGGTACGTGGG
chrIII	252781	5150	CAATAGTATCAATAACAGGCTGCAATAGGGGCAATTAAGCATCAGAAGAGGGGAATTTGATGCGGCTGGGGAATGCTTATGCGTATTGCAAGCCGTCGCAAAATGTTGGGCTGAAGCTGGACTTGTTACGGGGTCTTCCAGGGTACGTGGG
chrIII	252781	2640	CAATAGTATCAATAACAGGCTGCAATCGGGGCAATTAAGCATCAGAAGAGGGGAATTTGATGCGGCTGGGGAATGCTTATGCGTATTGCAAGCCGTCGCAAAATGTTGGGCTGAAGCTGGACTTGTTACGGGGTCTTCCAGGGTACGTGGG
chrIII	252781	10150	CAATAGTATCAATAACAGGCTGCAATAGGGGCAATTAAGCATCAGAAGAGGGGAATTTGATGCGGCTGGGGAATGCTTATGCGTATTGCAAGCCGTCGCAAAATGTTGGGCTGAAGCTGGACTTGTTACGGGGTCTTCCAGGGTACGTGGG
chrIII	252783	5150	ATAGTATCAATAACAGGCTGCAATCGGGGCAATTAAGCATCAGAAGAGGGGAATTTGATGCGGCTGGGGAATGCTTATGCGTATTGCAAGCCGTCGCAAAATGTTGGGCTGAAGCTGGACTTGTTACGGGGTCTTCCAGGGTACGTGGGTC
chrIII	252783	70	ATAGTATCAATAACAGGCTGCAATCGGGGCAATTAAGCATCAGAAGAGGGGAATTTGATGCGGCTGGGGAATGCTTATGCGTATTGCAAGCCGTCGCAAAATGTTGGGCTGAAGCTGGACTTGTTACGGGGTCTTCCAGGGTACGTGGGT
chrIII	252784	2640	TAGTATCAATAACAGGCTGCAATCGGGGCAATTAAGCATCAGAAGAGGGGAATTTGATGCGGCTGGGGAATGCTTATGCGTATTGCAAGCCGTCGCAAAATGGTGGGCTGAAGCTGGACTTGTTACGGGGTCTTCCAGGGTACGTGGGTCA
chrIII	252785	2640	AGTATCAATAACAGGCTGCAATCGGGGCAATTAAGCATCAGAAGAGGGGAATTTGATGCGGCTGGGGAATGCTTATGCGTATTGCAAGCCGTCGCAAAATGTTGGGCTGAAGCTGGACTTGTTACGGGGTCTTCCAGGGTACGTGGGTCA
chrIII	252786	1410	GTATCAATAACAGGCTGCAATCGGGGCAATTAAGCATCAGAAGAGGGGAATTTGATGCGGCTGGGGAATGCTTATGCGTATTGCAAGCCGTCGCAAAATGTTGGGCTGAAGCTGGACTTGATACGGGGTCTTCCAGGGTACGTGGGTCACG
chrIII	252786	5150	GTATCAATAACAGGCTGCAATAGGGGCAATTAAGCATCAGAAGAGGGGAATTTGATGCGGCTGGGGAATGCTTATGCGTATTGCAAGCCGTCGCAAAATGTTGGGCTGAAGCTGGACTTGTTACGGGGTCTTCCAGGGTACGTGGGTCACG
chrIII	252787	2640	TATCAATAACAGGCTGCAATCGGGGCAATTAAGCATCAGAAGAGGGGAATTTGATGCGGCTGGGGAATGCTTATGCGTATTGCAAGCCGTCGCAAAATGTGGGGCTGAAGCTGGACTTGTTACGGGGTCTTCCAGGGTCCGTGGGTCACG
chrIII	252787	10150	TATCAATAATAGGCTGCAATCGGGGCAATTAAGCATCAGAAGAGGGGAATTTGATGCGGCTGGGGAATGCTTATGCGTATTGCAAGCCGTCGCAAAATGTTGGGCTGAAGCTGGACTTGTTACGGGGTCTTCCAGGGTACGTGGGTCACGC
chrIII	252787	7530	TATCAATAACAGGCTGCAATCGGGGCAATTAAGCATCAGAAGAGGGGAATTTGATGCGGCTGGGGAATGCTTATGCGTATTGCAAGCCGTCGCAAAATGTTGGGCTGAAGCTGGACTTGTTACGGGGTCTTCCAGGGTACGTGGGTCACG
chrIII	252787	7530	TATCAATAACAGGCTGCAATCGGGGCAATTAAGCATCAGAAGAGGGGAATTTGATGCGGCTGGGGAATGCTTATGCGTATTGCAAGCCGTCGCAAAATGTTGGGCTGAAGCTGGACTTGTTACGGGGTCTTCCAGGGTACGTGGGTCACGC
chrIII	252788	70	ATCAATAACAGGCTGCAATCGGGGCAATTAAGCATCAGAAGAGGGGAATTTGATGCGGCTGGGGAATGCTTATGCGTATTGCAAGCCGTCGCAAAATGTTGGGCTGAAGCTGGACTTGTTACGGGGTCTTCCAGGGTACGTGGGTCACGCC
chrIII	252788	7530	ATCAATAACAGGCTGCAATCGGGGCAATTAAGCATCAGAAGAGGGGAATTTGATGCGGCTGGGGAATGCTTATGCGTATTGCAAGCCGTCGCAAAATGTTGGGCTGAAGCTGGACTTGTTACGGGGTCTTCCAGGGTACGTGGGTCACGC
chrIII	252788	10150	ATCAATAATAGGCTGCAATCGGGGCAATTAAGCATCAGAAGAGGGGAATTTGATGCGGCTGGGGAATGCTTATGCGTATTGCAAGCCGTCGCAAAATGTTGGGCTGAAGCTGGACTTGTTACGGGGTCTTCCAGGGTACGTGGGTCACGC
chrIII	252788	70	ATCAATAACAGGCTGCAATCGGGGCAATTAAGCATCAGAAGAGGGGAATTTGATGCGGCTGGGGAATGCTTATGCGTATTGCAAGCCGTCGCAAAATGTTGGGCTGAAGCTGGACTTGTTACGGGGTCTTCCAGGGTACGTGGGTCACGC
chrIII	252788	1410	ATCAATAACAGGCTGGAATCGGGGCAATTAAGCATCAGAAGAGGGGAATTTCATGCGGCTGGGGAATGCTTATGCGTATTGCAAGCCGTCGCAAAATGTTGGGCTGAAGCTGGACTTGTTACGGGGTCTTCCACGGTACGTGGGTCACGCC
chrIII	252788	70	ATCAATAACAGGCTGCAATCGGGGCAATTAAGCATCAGAAGAGGGGAATTTGATGCGGCTGGGGAATGCTTATGCGTATTGCAAGCCGTCGCAAAATGTTGGGCTGAAGCTGGACTTGTTACGGGGTCTTCCAGGGTACGTGGGTCACGC
chrIII	252788	70	ATCAATAACAGGCTGCAATCGGGGCAATTAAGCATCAGAAGAGGGGAATTTGATGCGGCTGGGGAATGCTTATGCGTATTGCAAGCCGTCGCAAAATGTTGGGCTGAAGCTGGACTTGTTACGGGGTCTTCCAGGGTACGTGGGTCACGC
chrIII	252788	2640	ATCAATAACAGGCTGCAATCGGGGCAATTAAGCATCAGAAGAGGGGAATTTGATGCGGATGGGGAATGCTTATGCGTATTGCAAGCCGTCGCAAAATGGTGGGCTGAAGCTGGACTTGTTACGGGGTCTTCCAGGGTACGTGGGTCACGC
chrIII	252788	70	ATCAATAACAGGCTGCAATCGGGGCAATTAAGCATCAGAAGAGGGGAATTTGATGCGGCTGGGGAATGCTTATGCGTATTGCAAGCCGTCGCAAAATGTTGGGCTGAAGCTGGACTTGTTACGGGGTCTTCCAGGGTACGTGGGTCACGCC
chrIII	252788	7530	ATCAATAACAGGCTGCAATCGGGGCAATTAAGCATCAGAAGAGGGGAATTTGATGCGGCTGGGGAATGCTTATGCGTATTGCAAGCCGTCGCAAAATGTTGGGCTGAAGCTGGACTTGTTACGGGGTCTTCCAGGGTACGTGGGTCACGC
chrIII	252790	70	CAATAACAGGCTGCAATCGGGGCAATTAAGCATCAGAAGAGGGGAATTTGATGCGGCTGGGGAATGCTTATGCGTATTGCAAGCCGTCGCAAAATGTTGGGCTGAAGCTGGACTTGTTACGGGGTCTTCCAGGGTACGTGGGTCACGCCA
chrIII	252790	7530	CAATAACAGGCTGCAATCGGGGCAATTAAGCATCAGAAGAGGGGAATTTGATGCGGCTGGGGAATGCTTATGCGTATTGCAAGCCGTCGCAAAATGTTGGGCTGAAGCTGGACTTGTTACGGGGTCTTCCAGGGTACGTGGGTCACGCCA
chrIII	252790	2640	CAATAACAGGCTGCAATCGGGGCAATTAAGCATCAGAAGAGGGGAATTTGATGCGGCTGGGGAATGCTTATGCGTATTGCAAGCCGTCGCAAAATGTTGGGCTGAAGCTGGACTTGTTACGGGGTCTTCCAGGGTACGTGGGTCACGCCA
chrIII	252792	2640	ATAACAGGCTGCAATCGGGGCAATTAAGCATCAGAAGAGGGGAATTTGATGCGGCTGGGGAATGCTTATGCGTATTGCAAGCCGTCGCAAAATGTTGGGCTGAAGCTGGACTTGTTACGGGGTCTTCCAGGGTACGTGGGTCACGCCACGA
chrIII	252793	7530	TAACAGGCTGCAATCGGGGCAATTAAGCATCAGAAGAGGGGAATTTGATGCGGCTGGGGAATGCTTATGCGTATTGCAAGCCGTCGCAAAATGTTGGGCTGAAGCTGGACTTGTTACGGGGTCTTCCAGGGTACGTGGGTCACGCCACGAG
chrIII	252793	7530	TAACAGGCTGCAATCGGGGCAATTAAGCATCAGAAGAGGGGAATTTGATGCGGCTGGGGAATGCTTATGCGTATTGCAAGCCGTCGCAAAATGTTGGGCTGAAGCTGGACTTGTTACGGGGTCTTCCAGGGTACGTGGGTCACGCCACGAG
chrIII	252794	1410	AACAGGCTGCAATCGGGGCAATTAAGCATCAGAAGAGGGGAATTTGATGCGGCTGGGGAATGCTTATGCGTATTGCAAGCCGTCGCAAAATGTTGGGCTGAAGCTGGACTTGTTACGGGGTCTTCCAGGGTACGTGGGTCACGCCACGAGT
chrIII	252794	70	AACAGGCTGCAATCGGGGCAATTAAGCATCAGAAGAGGGGAATTTGATGCGGCTGGGGAATGCTTATGCGTATTGCAAGCCGTCGCAAAATGTTGGGCTGAAGCTGGACTTGTTACGGGGTCTTCCAGGGTACGTGGGTCACGCCACGAGT
chrIII	252794	1410	AACAGGCTGCAATCGTGGCAATTAAGCATCAGAAGAGGGGAATTTGATGCGGCTGGGGAATGCTTATGCGTATTGCAAGCCGTCGCAAAATGTTGGGCTGAAGCTGGACTTGTTACGGGGTCTTCCAGGGTACGTGGGTCACGCCACGAG
chrIII	252794	70	AAGAGGCTGCAAGCGCGGGACTTAAGCATCAGAAGAGTGGACTTTGATGGGGCTGGGGACGGCTGAAGCGTAGTGCAAGCCGTCGCCAAATGGTGGGCTGAAGCTGCACTTGTTACGGGGTCTTCCAGGGTACGTGGGTCACGCCACGAGC
chrIII	252795	10150	ACAGGCTGCAATAGGGGCAATTAAGCATCAGAAGAGGGGAATTTGATGCGGCTGGGGAATGCTTATGCGTATTGCAAGCCGTCGCAAAATGTTGGGCTGAAGCTGGACTTGTTACGGGGTCTTCCAGGGTACGTGGGTCACGCCACGAGTA
chrIII	252795	10150	ACAGGCTGCAATAGGGGCAATTAAGCATCAGAAGAGGGGAATTTGATGCGGCTGGGGAATGCTTATGCGTATTGCAAGCCGTCGCAAAATGTTGGGCTGAAGCTGGACTTGTTACGGGGTCTTCCAGGGTACGGGGGTCACGCCACGAGTA
chrIII	252797	7530	(ATCTATAAA)AGGCTGAAATAGGGGCGATTCAGCATCAGCAGAGGGGAATTTGAAGCGGCT(CGGGTCTGCTAATCCGTCTGGCTAGCGCTCGCTAAATGGCGGGCTGTCGGAGGACATGTGGCGGGGTCGTCCCGGGGACGTGCGACACGC)
chrIII	252797	2640	(CTAG)AGGCTGCAATCGCGGCATTTAAGCTTCAGAAGAGGGTAATATGAAGCCGCTGGCGAATCCTGTTGCGTATTGCAGGCCTTCGCAAAATGATGGTCTGATGCTGGA(ATGTTATCCGGGTGTTCCTGGGTTAGTTGGTATTGCCTTTAC)
chrIII	252798	70	GGCTGCAATCGGGGCAATTAAGCATCAGAAGAGGGGAATTTGATGCGGCTGGGGAATGCTTATGCGTATTGCAAGCCGTCGCAAAATGTTGGGCTGAAGCTGGACTTGTTACGGGGTCTTCCAGGGTACGTGGGTCACGCCACGAGTAGGA
chrIII	252798	70	(TGACTTTCT)GGCTGCTATCGGGGCAATTAAGCATCTGAAGAGGGGAATCGGAGGCGGCGGGGGATTGCTGCTGCGTAGTGCAAGCCGTCGCACACTGTAGGGCTGCATCTGGACTTGTTACGGGGTCGTCCAGGCTACGTGGTTCACGCCA
chrIII	252799	7530	GCTGCAATCGGGGCAATTAAGCATCAGAAGAGGGGAATTTGATGCGGCTGGGGAATGCTTATGCGTATTGCAAGCCGTCGCAAAATGTTGGGCTGAAGCTGGACTTGTTACGGGGTCTTCCAGGGTACGTGGGTCACGCCACGAGTAGGA
chrIII	252799	5150	GCTGCAATCGGGGCAATTAAGCATCAGAAGAGGGGAATTTGATGCGGCTGGGGAATGCTTATGCGTATTGCAAGCCGTCGCAAAATGTTGGGCTGAAGCTGGACTTGTTACGGGGGCTTCCAGGGTACGTGGGTCACGCCACGAGTAGGAT
chrIII	252799	5150	GCTGCAATCGGGGCAATTAAGCATCAGAAGAGGGGAATTTGATGCGGCTGGGGAATGCTTATGCGTATTGCAAGCCGTCGCAAAATGTTGGGCTGAAGCTGGACTTGTTACGGGGGCTTCCAGGGTACGTGGGTCACGCCACGAGTAGGAT
chrIII	252799	2640	GCTGCAATCGGGGCAATTAAGCATCAGAAGAGGGGAATTTGATGCGGCTGGGGAATGCTTATGCGTATTGCAAGCCGTCGCAAAATGTTGGGCTGAAGCTGGACTTGTTACGGGGTCTTCCAGGGTACGTGGGTCACGCCACGAGTA
chrIII	252800	7530	CTGCAATGGGGGCAATTAAGCATCAGAAGAGGGGCACGTGCTGCGGCTGGGGCAGGCTTATGCGTATAGCAAGCCGTCGCAAAATGTTGGGCTGAAGCTTGACTAGATACGGGGTCTTCCATGGTACGTGGGTCACGACACGAGT(CGGAA)
chrIII	252800	7530	CTGCACTCGGGGCAATTAAGCATCAGACCAGGGGACTTTGATGCGGCTGGGGACTGCTGATGCGTATGGCAAGCCGTCGCACAATGTGGCGCTGAAGCTGGACTTGTGACGGGGTCTTCCAGGGTACGTGGGTCACGCCACGAGTAGGAT
chrIII	252800	70	CTGCAATCGGGGCAATTAAGCATCAGAAGAGGGGAATTTGATGCGGCTGGGGAATGCTTATGCGTATTGCAAGCCGTCGCAAAATGTTGGGCTGAAGCTGGACTTGTTACGGGGTCTTCCAGGGTACGTGGGTCACGCCACGAGTAGGAT
chrIII	252800	70	CTGCAATCGGGGCAATTAAGCATCAGAAGAGGGGAATTTGATGCGGCTGGGGAATGCTTATGCGTATTGCAAGCCGTCGCAAAATGTTGGGCTGAAGCTGGACTTGTTACGGGGTCTTCCAGGGTACGTGGGTCACGCCACGAGTAGGATC
chrIII	252800	2640	CTGCAATCGGGGCAATTAAGCATCAGAAGAGGGGAATTTGATGCGGCTGGGGAATGCTTATGCGTATTGCAAGCCGTCGCAAAATGTTGGGCTGAAGCTGGACTTGTTACGGGGTCTTCCAGGGTACGTGGGTCACGCCACGAGTAGGAT
chrIII	252800	70	CTGCAATCGGGGCAATTAAGCATCAGAAGAGGGGAATTTGATGCGGCTGGGGAATGCTTATGCGTATTGCAAGCCGTCGCAAAATGTTGGGCTGAAGCTGGACTTGTTACGGGGTCTTCCAGGGTACGTGGGTCACGCCACGAGTAGGATC
chrIII	252800	7530	CTGCAATCGGGGCAATTAAGCATCAGAAGAGGGGAATTTGATGCGGCTGGGGAATGCTTATGCGTATTGCAAGCCGTCGCAAAATGTTGGGCTGAAGCTGGACTTGTTACGGGGTCTTCCAGGGTACGTGGGTCACGCCACGAGTAGGAT
chrIII	252800	2640	CTGCAATCGGGGCAATTAAGCATCAGAAGAGGGGAATTTGATGCGGCTGGGGAATGCTTATGCGTATTGCAAGCCGTCGCAAAATGTTGGGCTGAAGCTGGACTTGTTACGGGGTCTTCCAGGGTACGTGGGTCACGCCACGAGTAGGAT
chrIII	252800	70	CTGCAATCGGGGCAATTAAGCATCAGAAGAGGGGAATTTGATGCGGCTGGGGAATGCTTATGCGTATTGCAAGCCGTCGCAAAATGTTGGGCTGAAGCTGGACTTGTTACGGGGTCTTCCAGGGTACGTGGGTCACGCCACGAGTAGGATC
chrIII	252802	7530	(AAAACAGCCA)GCAATCGGGCCAATAAAGCATCAGAAGAGCGGACATTGATGCGGCTGGGGAGTGCATATGCGTATTGCAAGCCGTCGCAAAATGTTTGGCTGAAGCTGGACTTGTTACGGGCTCTGCCAGGGTCCGTCGGGCACGCCTCGA
chrIII	252804	70	AATCGGGGCAATTAAGCATCAGAAGAGGGGAATTTGATGCGGCTGGGGAATGCTTATGCGTATTGCAAGCCGTCGCAAAATGTTGGGCTGAAGCTGGACTTGTTACGGGGTCTTCCAGGGTACGTGGGTCACGCCACGAGTAGGATCAACC
